5
485
516
991
698
888
807
801
496
294
343
67
695
914
869
608
33
302
610
20
468
950
574
477
698
619
596
101
132
959
147
106
10
304
658
575
407
237
95
233
987
165
887
706
840
705
118
402
122
898
551
741
823
231
856
392
144
669
724
780
62
775
918
747
842
33
161
330
557
831
766
528
830
462
921
428
193
528
850
151
664
377
776
951
635
283
311
866
557
380
393
155
55
306
478
596
977
412
962
67
23
86
700
531
296
489
430
748
838
993
602
198
108
27
158
490
212
47
424
785
298
689
862
923
98
482
120
225
775
663
208
352
688
910
823
300
158
196
267
560
619
950
131
367
225
544
832
275
337
370
515
307
483
18
330
609
93
767
259
377
782
427
138
714
477
584
489
588
375
234
464
848
953
208
343
922
817
107
769
364
165
612
499
460
37
350
266
767
415
944
777
540
94
446
820
665
878
377
790
177
241
898
886
803
498
726
729
812
362
733
689
152
604
237
201
615
340
162
541
131
483
530
878
45
954
928
963
715
200
846
98
491
759
530
476
363
201
414
263
21
955
773
223
651
892
849
329
188
17
165
394
259
101
389
163
732
413
508
442
807
270
11
99
464
752
22
162
105
395
497
851
588
679
74
84
387
490
959
60
849
308
494
866
620
251
255
107
524
780
513
871
80
298
573
757
212
502
629
257
623
963
675
861
292
868
388
309
224
213
452
495
610
430
568
830
564
379
699
664
431
532
24
138
537
659
838
59
923
422
462
571
434
636
798
347
483
763
111
218
626
794
317
902
71
657
607
437
525
844
742
780
888
568
16
842
168
469
464
163
416
347
117
871
291
527
224
759
28
111
254
905
635
102
685
760
217
457
206
232
400
214
768
109
988
372
479
503
83
889
765
65
857
372
138
747
138
5
843
63
99
202
998
251
150
733
873
835
702
955
986
760
596
459
998
674
760
59
619
934
440
400
694
426
115
71
333
35
999
184
592
696
377
500
783
906
121
267
951
914
622
251
701
418
644
895
328
853
857
423
470
794
29
475
39
76
777
833
585
737
990
852
620
652
320
949
461
884
505
523
20
629
915
336
614
101
619
59
594
569
407
232
303
66
42
284
585
167
466
834
601
841
302
604
427
841
29
77
910
439
419
674
425
256
213
54
61
181
804
65
488
250
937
292
310
626
893
648
516
573
748
398
306
805
607
302
247
610
4
625
688
972
969
896
449
159
908
339
98
333
361
116
744
845
834
865
845
528
430
363
361
176
510
428
94
451
240
21
606
963
267
330
602
401
993
151
860
899
583
874
19
989
37
289
416
745
771
213
718
712
576
184
523
120
627
417
27
449
28
440
645
803
186
189
436
825
176
114
582
552
861
72
655
285
289
781
3
698
871
8
671
524
792
829
140
649
745
386
424
153
456
765
207
214
640
960
934
691
754
651
192
121
121
729
617
514
2
319
800
904
441
971
282
323
168
619
795
749
87
536
94
936
545
254
243
46
157
152
391
915
182
168
852
737
711
203
908
175
430
679
185
866
932
908
480
317
385
202
309
408
461
626
580
916
677
998
261
202
588
232
482
341
726
940
477
751
64
222
154
406
290
549
443
310
664
69
589
655
586
399
104
164
15
403
569
598
164
589
624
434
563
102
289
571
280
806
185
264
989
172
420
361
915
982
383
835
620
60
986
67
491
661
952
53
519
542
585
539
497
716
610
895
25
688
894
872
664
392
581
779
85
380
516
332
314
856
514
309
862
626
124
858
928
732
161
519
516
215
464
506
858
416
401
800
574
2
185
949
871
308
930
886
75
444
805
103
866
218
842
91
186
31
443
720
694
477
205
4
652
429
178
754
307
302
745
65
188
924
694
472
233
409
620
964
129
777
172
970
476
849
905
818
388
228
961
552
641
589
245
767
811
598
180
176
546
53
882
783
319
972
207
519
206
36
813
504
117
1000
309
402
56
864
165
263
997
713
48
224
13
925
820
184
471
646
622
184
978
296
1
207
915
772
902
85
73
510
18
437
69
428
566
523
219
730
918
617
419
894
289
678
416
953
240
271
100
616
989
300
682
156
906
351
620
417
495
34
633
685
12
351
672
720
929
613
453
457
800
163
244
69
876
949
743
557
434
122
202
802
50
846
896
57
206
881
418
800
238
490
733
140
645
838
998
570
33
619
645
572
728
336
384
141
974
283
500
150
561
655
500
284
144
899
940
519
884
249
924
50
296
947
447
216
951
943
532
283
780
624
508
255
961
127
874
178
431
872
524
115
149
29
970
14
265
874
292
241
153
920
179
854
267
798
407
752
622
361
831
780
148
579
377
813
31
848
443
678
554
645
278
462
777
371
901
128
363
79
234
504
802
957
150
413
488
72
777
387
575
953
31
304
558
533
627
349
656
833
742
80
793
92
564
190
10
985
766
229
82
440
532
508
331
317
427
939
644
681
620
636
790
953
667
14
376
81
450
266
570
173
420
540
667
241
369
815
613
100
750
706
957
164
1
186
318
907
275
684
499
104
554
649
562
988
754
262
727
191
945
402
645
872
375
467
557
670
170
468
455
451
606
855
565
898
250
974
58
904
993
75
804
595
302
886
5
763
369
458
963
214
275
13
603
379
7
303
46
173
399
899
777
810
584
315
769
787
403
218
944
715
292
258
952
806
816
493
876
20
132
463
726
284
429
898
545
837
938
71
155
97
285
849
655
392
707
90
438
357
600
385
138
514
63
989
52
626
511
892
883
932
411
439
764
844
798
623
307
139
394
585
845
71
407
19
946
934
988
6
446
215
730
685
489
821
691
117
993
142
595
402
333
687
890
798
987
234
875
640
506
8
823
43
375
690
583
922
213
80
584
812
22
626
590
694
910
618
308
16
867
425
926
345
130
364
355
726
799
844
441
375
46
938
967
373
23
150
314
850
239
636
413
637
655
899
552
463
934
435
77
831
913
409
887
98
426
496
962
19
979
906
990
962
87
208
175
767
387
652
766
930
670
215
758
134
643
474
304
86
247
672
938
736
812
84
272
214
489
365
467
64
898
410
6
190
327
656
547
24
165
310
438
626
256
808
730
216
395
168
776
967
448
200
751
218
654
801
387
489
519
360
824
800
76
559
609
663
796
856
519
509
792
796
945
349
556
378
297
848
305
402
505
30
498
719
455
905
97
944
18
531
73
572
381
942
104
411
813
483
382
874
254
535
249
976
719
516
700
705
753
257
672
314
528
904
550
61
478
364
441
687
867
69
264
219
752
247
579
349
937
831
626
976
769
927
499
190
440
503
279
246
299
67
154
17
429
797
809
668
632
87
917
169
172
847
431
925
964
344
33
161
53
375
275
656
485
314
850
335
439
983
991
929
349
137
814
100
802
90
214
107
622
736
36
279
976
750
531
58
66
122
367
718
801
135
350
447
885
31
817
201
999
415
300
185
454
244
296
264
999
891
779
661
494
887
855
825
278
280
899
11
339
141
776
258
552
690
773
480
648
280
330
852
974
355
525
510
483
410
822
579
741
279
909
94
781
415
22
896
189
673
160
411
113
82
252
271
919
574
810
600
313
520
289
557
744
782
999
607
57
46
827
428
749
284
258
145
120
804
781
35
221
716
39
429
913
985
527
139
165
237
817
587
977
552
981
166
131
185
119
696
597
946
999
331
302
210
190
469
923
960
34
757
321
589
433
247
206
358
218
867
824
289
920
788
635
781
421
485
659
676
995
543
81
670
134
486
880
342
584
307
67
839
455
902
75
724
800
243
528
299
778
690
878
816
822
240
459
104
255
251
333
175
741
764
434
718
449
676
260
728
938
901
70
104
746
934
117
144
427
866
972
687
320
272
882
229
191
283
737
747
187
337
904
116
469
129
84
91
613
464
779
600
554
768
641
562
390
782
658
649
110
536
819
130
115
219
680
276
482
547
17
457
701
638
275
506
898
931
228
873
637
713
728
665
126
186
79
862
730
390
576
536
797
928
446
839
431
624
586
351
504
901
412
85
229
568
357
593
62
741
353
862
117
343
389
107
789
952
52
271
251
331
365
218
333
454
147
797
252
503
35
19
172
176
269
162
714
400
704
380
991
824
536
952
60
199
254
955
242
524
951
723
293
363
611
347
566
954
460
693
734
496
633
542
73
936
312
11
24
429
741
408
933
917
577
507
957
47
465
595
502
927
614
253
293
802
340
193
96
915
438
64
378
541
86
344
271
504
290
678
408
670
687
787
970
888
457
291
487
445
929
749
282
420
997
319
262
793
824
503
639
283
440
96
127
99
807
771
430
39
592
276
581
454
30
849
288
131
494
57
783
963
946
765
225
933
46
515
65
313
664
106
632
100
549
719
126
680
816
938
454
790
692
305
902
575
106
674
802
773
860
558
488
253
441
815
456
847
691
505
791
296
396
997
725
319
123
914
195
510
185
551
945
418
457
427
954
144
214
813
38
128
899
5
506
467
762
305
674
881
551
664
6
579
27
352
910
768
896
469
12
342
66
854
588
913
367
100
167
797
391
747
951
798
735
312
299
825
781
36
340
385
443
291
583
651
568
797
930
506
21
157
675
251
734
168
426
280
310
899
452
579
787
144
482
680
846
992
976
934
761
320
768
414
977
643
300
199
943
441
339
433
715
258
461
30
489
117
686
674
952
672
381
981
985
92
678
751
130
435
501
835
369
803
648
736
217
849
43
499
505
972
476
643
28
477
962
139
68
368
818
84
332
141
447
741
590
665
424
391
368
977
814
667
983
185
871
544
456
470
287
561
652
107
241
882
505
48
416
905
417
745
363
168
236
449
505
830
696
549
953
308
561
548
233
228
141
551
390
101
742
316
714
96
359
248
35
518
234
779
842
773
488
365
811
79
569
854
868
524
710
952
708
46
629
865
996
635
3
497
685
658
558
276
869
608
239
753
556
624
756
835
613
329
311
978
147
910
196
80
930
649
688
183
413
117
219
178
970
919
468
809
457
998
15
245
614
528
941
545
665
479
487
682
155
552
58
270
547
657
429
919
645
855
340
763
665
972
11
603
309
317
926
749
957
413
412
637
959
503
273
441
820
306
208
527
645
137
624
287
429
509
459
666
602
253
821
604
211
946
514
448
208
418
682
623
587
20
388
1
620
868
222
592
326
833
394
425
771
637
60
897
747
11
149
657
18
629
138
38
811
373
449
646
663
665
366
666
565
172
540
121
212
549
393
400
393
588
589
872
924
4
780
386
558
295
979
146
540
242
346
757
263
575
142
450
546
685
473
298
831
810
972
359
748
702
186
98
487
11
600
613
56
579
806
609
504
234
377
814
85
920
921
806
247
510
255
475
865
871
388
248
802
111
854
10
995
356
335
95
124
395
471
242
742
757
995
260
470
460
64
740
147
187
821
376
644
952
487
65
22
867
284
548
23
449
435
797
911
738
822
900
444
93
916
740
509
711
490
280
326
888
637
197
672
14
816
523
325
743
74
230
598
690
263
498
449
91
277
624
799
850
589
321
934
989
108
270
566
832
153
396
505
281
558
5
175
155
88
638
389
209
775
513
181
980
695
806
14
549
494
313
709
159
714
831
146
248
251
302
579
649
127
610
737
95
490
438
52
958
232
292
225
509
764
777
496
925
713
949
654
90
610
178
510
150
278
659
861
532
552
6
289
137
76
493
989
720
505
973
924
954
40
465
469
60
46
914
610
936
928
973
341
870
777
616
652
926
444
380
451
846
301
467
362
944
535
995
75
327
519
980
524
508
513
692
408
243
672
346
457
534
495
805
620
842
416
25
665
969
816
446
771
172
851
73
555
433
229
270
745
157
861
553
954
774
529
688
198
417
717
368
809
391
436
727
80
158
590
920
222
921
152
84
170
490
230
524
455
799
370
199
288
910
663
14
398
166
905
245
384
879
511
426
459
229
99
657
349
38
44
806
331
583
214
56
806
221
970
574
178
988
669
335
990
673
46
555
374
153
175
669
825
622
870
191
903
742
652
162
2
506
508
384
705
103
198
253
175
215
316
32
805
468
853
911
132
505
419
979
973
764
975
855
42
708
912
515
13
750
784
778
571
513
658
945
416
561
916
701
79
684
893
46
853
590
79
229
148
492
179
510
787
110
794
322
577
728
191
720
420
555
939
794
943
522
200
919
639
658
552
285
918
194
614
117
776
205
924
580
75
18
120
668
138
67
531
184
414
578
894
422
294
188
480
615
834
456
853
802
465
379
857
490
914
153
790
571
52
459
582
322
31
353
344
669
847
620
105
682
504
401
910
49
589
181
816
339
676
761
869
79
182
39
483
628
26
41
490
613
361
68
691
395
808
11
995
883
371
402
272
800
636
83
466
675
360
319
35
83
203
458
79
362
386
661
227
326
891
319
553
383
367
83
634
220
619
751
635
199
273
384
82
202
805
658
347
287
103
705
451
405
612
146
633
316
380
404
552
865
461
928
799
478
47
523
874
90
390
560
453
922
27
70
384
170
475
155
565
807
569
790
919
966
434
499
313
267
449
878
616
178
781
523
508
958
441
982
883
635
887
35
913
396
132
972
236
757
462
478
349
384
50
506
906
525
459
87
963
122
539
757
895
226
283
831
320
962
179
582
620
101
123
123
34
255
105
9
710
452
495
838
544
32
383
740
71
387
936
289
713
436
559
5
697
101
391
379
453
419
441
418
215
962
153
53
118
728
152
56
173
49
370
517
297
770
659
835
712
928
676
514
191
702
349
964
428
488
139
699
634
934
895
787
732
743
41
333
953
214
563
739
912
830
955
359
192
695
528
281
991
987
654
14
896
175
121
236
673
51
426
434
205
844
68
413
961
255
789
511
384
346
275
839
324
103
727
277
461
407
568
720
634
7
59
681
928
846
123
387
896
933
284
265
159
222
708
405
773
616
498
653
397
96
892
28
309
815
949
899
601
516
74
703
823
630
179
370
239
489
404
668
434
870
349
325
802
164
639
231
240
997
120
630
647
716
560
638
398
540
952
378
761
785
70
438
474
410
854
566
463
282
520
528
297
512
359
557
53
974
185
381
415
796
280
873
454
585
692
488
792
249
870
274
677
192
762
782
641
587
242
592
92
688
749
10
58
333
6
547
654
895
962
704
10
986
624
398
621
477
802
547
767
862
29
963
112
975
564
284
850
452
696
241
99
438
699
127
85
127
985
975
748
616
856
209
847
36
73
479
936
232
926
578
824
327
398
825
995
29
321
237
42
236
362
839
736
304
399
820
403
397
890
263
511
794
622
327
993
710
593
849
777
452
177
512
576
641
659
218
923
603
751
920
578
592
985
33
122
136
560
682
161
322
316
869
34
126
21
98
881
177
278
126
875
560
11
308
856
634
359
506
525
912
120
788
883
157
514
813
940
699
225
58
651
607
492
327
43
890
419
22
767
28
761
620
726
928
998
625
694
141
564
664
983
309
805
260
750
862
247
987
940
726
316
542
93
885
824
363
18
844
131
554
296
839
859
89
636
327
527
619
45
719
603
633
415
694
25
817
704
625
271
58
557
226
425
541
568
845
235
820
666
508
909
156
507
8
549
10
420
519
408
775
928
333
646
732
197
877
974
959
253
14
16
513
849
208
501
182
811
245
203
572
546
470
353
175
874
931
401
112
645
271
412
902
350
103
793
239
187
854
729
739
365
419
709
794
515
138
275
225
801
350
372
977
645
926
308
389
209
958
833
886
401
232
11
29
361
370
772
396
524
342
515
862
895
139
194
226
874
704
387
139
307
121
223
501
858
935
77
582
153
76
964
529
640
252
955
897
685
922
870
242
44
518
430
287
864
614
523
974
544
424
868
690
166
627
418
168
908
360
148
718
164
758
92
990
914
864
134
338
280
387
643
310
206
918
960
142
934
292
127
950
832
628
681
173
666
375
174
466
887
686
90
11
358
859
550
306
202
221
620
684
729
663
811
572
16
731
737
783
628
405
20
25
710
174
729
105
223
436
485
999
515
43
834
353
608
838
369
631
831
393
916
346
674
910
557
636
371
418
602
334
501
796
526
599
536
202
574
828
679
147
479
274
521
383
433
316
617
886
284
223
233
139
313
883
324
67
27
874
475
470
261
76
230
245
962
847
518
722
746
68
961
837
910
75
868
929
520
114
14
491
729
322
616
645
404
159
189
481
426
768
448
223
435
287
507
43
704
526
230
119
644
23
876
872
891
328
956
682
730
583
379
767
268
707
162
19
827
356
548
230
574
697
76
566
70
523
559
135
247
258
69
273
412
917
260
658
808
462
786
704
688
429
605
681
763
201
847
57
449
846
391
434
987
560
345
266
576
757
176
237
491
72
88
357
335
182
320
841
25
987
821
454
598
442
293
819
24
628
564
568
956
11
369
443
345
313
359
13
301
328
255
838
851
802
513
328
498
119
705
560
66
366
169
302
194
905
145
979
303
258
965
324
712
195
2
903
147
374
607
307
891
347
837
67
587
98
932
943
11
440
515
937
547
956
219
781
196
761
627
324
303
987
716
924
796
550
296
971
564
322
823
454
620
269
86
691
618
839
701
884
917
912
84
373
56
701
98
462
52
684
62
507
711
320
458
847
619
867
667
923
700
947
9
870
371
512
803
17
78
273
462
781
684
147
369
813
721
399
927
233
385
237
826
338
880
317
14
778
426
555
145
737
903
677
992
338
609
902
506
237
919
328
8
654
513
445
89
14
324
377
297
42
548
181
248
696
616
567
292
177
966
460
44
633
467
592
536
772
852
353
118
235
57
165
573
946
56
565
907
109
993
337
412
68
924
812
668
526
318
959
944
92
632
718
273
443
86
129
756
763
942
345
823
135
464
209
751
763
991
94
911
31
933
376
753
142
134
121
881
397
686
604
162
512
236
656
240
385
891
739
970
122
130
972
84
455
183
863
886
104
95
980
264
120
875
824
276
837
855
329
442
827
817
457
292
259
703
757
451
196
635
435
81
319
66
380
719
530
74
226
791
304
992
675
258
801
648
106
293
49
802
779
704
305
475
451
822
983
199
772
588
846
841
109
483
617
991
491
619
954
779
848
567
620
527
729
91
802
400
179
274
778
801
931
848
920
506
117
81
491
468
277
536
67
332
79
801
869
302
517
276
110
707
7
982
386
457
29
892
124
946
10
858
438
378
92
129
790
982
49
96
206
800
143
735
346
557
397
556
44
10
898
327
131
140
552
40
849
83
547
386
228
178
351
35
183
907
918
1
425
470
210
864
429
525
954
333
947
772
613
808
731
510
618
62
749
75
827
84
898
250
667
500
337
314
976
922
7
343
848
985
865
95
193
866
334
365
367
330
32
247
660
582
694
944
369
964
46
49
835
138
667
602
473
815
870
917
2
793
231
910
123
206
278
217
187
299
383
723
597
268
124
230
22
985
786
110
721
390
945
621
388
11
639
506
681
724
832
106
949
114
528
79
8
798
423
183
317
274
577
420
522
971
985
207
848
257
830
29
578
509
859
46
401
530
762
887
229
220
504
748
412
344
504
56
455
777
24
295
890
836
97
725
628
691
301
180
943
653
975
881
706
895
562
9
79
47
58
461
393
244
854
368
148
577
937
718
379
920
313
328
446
935
151
708
587
195
639
85
596
484
340
426
771
422
300
230
571
150
625
264
476
488
476
705
560
247
607
324
986
485
98
51
763
763
609
667
155
225
615
47
665
522
62
760
17
324
225
90
869
463
668
205
70
522
87
602
318
582
438
304
82
447
477
257
23
70
387
565
516
937
627
128
871
527
797
165
214
814
562
681
770
907
464
869
756
252
965
642
853
203
397
738
867
945
633
329
305
665
70
491
412
95
621
114
606
623
952
252
699
4
340
842
214
280
795
496
235
412
86
102
581
284
721
740
779
169
476
266
337
331
226
324
988
175
919
727
462
416
607
343
312
683
76
558
391
249
348
20
964
69
37
220
477
321
44
492
378
451
126
301
642
719
833
995
299
344
201
501
537
280
954
24
107
699
315
331
820
688
156
32
931
539
67
915
428
815
796
628
100
960
820
509
601
378
122
323
320
533
595
421
951
74
840
729
530
146
567
298
101
976
981
747
749
468
580
821
159
157
987
784
980
757
489
84
138
201
650
492
517
251
916
589
861
690
998
913
486
110
703
387
83
367
794
205
167
359
109
757
432
773
496
492
400
951
221
828
405
349
83
514
694
174
739
736
28
849
12
278
236
930
920
305
814
101
552
671
151
909
320
347
212
307
924
248
468
571
965
736
981
437
805
829
125
359
5
514
133
521
76
170
979
117
369
885
398
241
150
601
608
133
206
748
535
155
112
425
670
613
37
74
766
756
918
94
314
966
579
69
217
931
642
195
342
903
324
737
823
38
735
946
715
364
274
906
952
771
78
51
194
668
801
666
972
205
24
313
991
810
582
591
575
880
706
845
469
601
398
278
93
943
750
221
457
871
741
799
664
250
756
379
403
949
725
690
321
451
44
266
321
625
154
688
151
645
437
977
114
685
971
191
587
600
977
227
897
874
220
445
498
855
556
73
790
721
426
450
877
322
503
5
378
198
391
735
503
106
177
535
239
168
427
578
895
572
262
469
358
703
676
711
969
591
545
630
225
664
144
84
95
799
899
609
882
766
498
941
617
189
870
794
155
843
796
660
730
216
574
679
531
675
238
683
191
348
457
521
383
25
879
276
408
666
310
538
909
451
273
855
590
249
368
107
991
722
290
428
767
861
592
530
707
235
789
205
605
161
155
606
901
307
810
758
394
420
493
387
141
374
277
62
758
17
173
390
56
339
241
142
613
859
874
514
334
184
954
649
15
715
125
305
619
847
249
110
840
526
683
674
675
550
788
307
89
257
303
485
31
324
404
537
238
85
757
284
164
938
327
484
951
819
402
524
285
820
385
604
996
254
189
748
47
18
474
751
165
103
99
105
686
224
156
6
307
831
257
114
320
966
923
619
585
716
197
25
477
108
521
79
892
494
768
273
945
648
702
590
576
492
46
711
263
487
387
852
712
899
328
661
292
930
82
967
976
239
316
230
103
270
213
609
842
239
475
90
736
568
386
543
898
754
364
389
516
894
948
867
368
997
104
293
483
289
790
548
851
393
380
453
538
325
293
760
467
902
480
831
31
87
586
474
790
713
607
823
130
330
320
177
335
645
214
835
483
169
949
230
372
444
139
742
469
427
509
220
158
194
177
926
642
650
921
132
898
181
307
915
910
765
431
75
226
898
819
509
606
458
737
344
466
584
524
674
222
915
717
633
498
674
252
851
681
459
290
767
373
411
46
848
505
351
647
273
425
372
5
38
546
215
826
84
79
216
60
328
841
771
41
638
429
818
146
982
815
984
181
443
663
437
502
499
175
820
529
183
247
111
661
673
528
110
576
849
491
294
85
902
272
515
875
226
208
844
670
743
698
599
325
490
764
29
671
743
349
10
281
72
851
230
252
303
748
633
492
896
766
902
560
846
213
819
404
960
648
48
336
257
248
158
90
525
977
410
604
647
121
258
384
293
58
228
136
767
706
256
248
618
706
189
103
250
32
210
432
192
48
554
210
237
227
721
618
281
330
539
432
166
134
915
227
535
733
794
12
634
63
248
509
843
33
828
49
546
80
648
887
783
224
618
569
212
86
625
42
321
788
608
26
691
110
668
254
609
561
176
652
915
689
82
425
873
745
411
991
478
471
785
996
971
971
736
914
862
874
917
865
92
353
254
304
717
970
870
809
676
477
249
504
396
383
406
572
494
379
187
495
717
411
971
390
560
151
2
697
411
676
553
323
951
798
989
838
158
174
824
15
131
936
624
90
760
59
408
282
697
332
377
454
153
900
663
580
489
554
204
693
596
547
871
540
41
603
178
870
445
678
940
942
113
100
921
15
66
652
311
85
38
878
180
359
262
846
598
96
502
585
877
566
411
628
171
716
206
360
481
67
975
29
265
30
703
939
628
834
723
243
34
590
3
166
368
312
429
602
351
211
2
810
804
361
219
551
649
260
948
332
368
871
176
831
850
420
186
556
645
361
489
679
180
353
919
917
241
531
753
760
97
356
292
116
199
14
51
677
106
179
31
290
853
912
27
213
72
990
316
684
651
437
340
99
733
597
558
389
683
172
70
768
771
82
335
192
461
894
22
847
132
863
561
518
342
79
488
691
442
943
575
294
354
106
37
994
327
316
425
748
230
953
386
626
365
489
657
213
993
797
388
453
284
825
948
480
789
345
791
599
780
557
414
761
780
324
538
93
7
430
491
340
552
555
114
406
951
720
404
866
118
769
441
477
306
378
62
269
112
467
712
262
194
373
427
862
496
450
697
78
706
576
251
570
53
277
559
448
778
753
818
215
151
595
960
323
508
723
716
758
879
75
562
386
694
948
127
287
450
932
895
670
716
193
38
217
107
274
686
946
86
9
758
990
292
421
322
920
898
995
520
845
928
983
141
599
78
878
905
20
355
54
387
894
747
704
945
345
450
490
245
489
622
460
197
377
680
400
74
115
173
117
793
333
725
744
17
280
703
450
124
352
576
5
986
981
366
629
984
174
814
673
946
853
560
781
706
860
309
662
346
44
266
529
869
724
970
981
195
769
845
838
3
808
869
221
462
132
252
856
382
450
221
411
352
54
152
621
775
897
247
230
542
749
151
858
933
139
448
323
669
194
523
296
287
997
626
7
675
760
127
566
983
96
819
541
127
53
994
845
628
137
678
178
364
146
706
519
471
465
57
716
142
53
319
852
786
178
594
83
301
419
18
845
708
46
344
768
227
126
194
679
915
944
845
231
928
960
973
914
685
993
93
282
129
921
150
436
852
683
463
804
262
188
753
150
19
577
285
382
608
90
761
31
550
30
580
92
111
446
217
91
172
43
630
489
608
372
925
974
289
78
957
199
634
768
808
296
585
702
148
952
869
683
732
552
371
535
218
732
735
260
708
732
823
87
322
906
692
346
521
564
221
459
394
894
629
208
38
978
91
757
111
374
239
232
654
686
651
727
511
530
113
380
159
137
102
85
696
880
715
281
991
656
377
40
369
139
436
546
146
781
623
596
589
939
927
393
879
490
672
569
817
571
100
367
744
566
745
282
69
917
804
102
621
623
284
937
651
637
235
458
902
896
490
12
450
851
318
657
115
45
619
593
940
198
402
456
329
840
806
836
8
544
399
303
310
510
10
156
554
65
55
53
422
163
103
468
75
716
112
495
929
822
756
458
3
707
292
928
600
170
95
416
422
641
15
374
868
289
419
4
971
603
420
51
919
323
105
276
437
178
795
14
558
557
10
706
578
523
518
632
589
847
24
140
754
840
913
914
919
355
134
648
859
883
228
86
321
167
187
94
445
429
254
226
460
286
516
771
85
783
40
303
251
205
584
303
698
897
788
4
397
365
165
124
407
278
830
606
115
924
431
810
601
67
431
421
44
532
405
659
541
253
221
153
809
299
434
958
349
712
615
788
445
705
457
481
444
802
664
711
768
549
527
808
871
880
927
300
855
739
366
913
333
880
140
60
733
958
622
539
406
459
220
190
143
349
135
66
792
120
624
295
725
556
226
34
749
36
959
641
483
226
23
920
651
964
165
226
306
562
191
104
775
332
765
134
296
288
832
516
521
206
299
227
375
485
13
488
631
670
672
774
225
392
586
791
131
150
474
532
677
166
565
795
456
229
265
245
743
999
169
991
661
937
582
498
212
369
127
190
614
276
133
933
901
742
221
185
28
969
831
547
571
495
960
77
839
547
890
528
601
985
964
15
455
607
244
812
284
682
89
913
263
63
696
559
820
880
417
240
481
654
565
305
874
440
428
647
219
802
968
563
294
886
274
86
476
503
71
900
254
708
649
884
349
983
989
193
474
594
694
590
876
996
707
953
154
237
995
343
245
341
926
538
660
28
810
536
939
603
184
788
306
339
343
887
793
950
812
73
614
540
589
388
220
948
710
874
612
783
169
804
895
824
359
336
180
658
335
456
861
777
117
251
790
668
872
81
163
304
805
495
416
699
938
108
351
914
911
718
977
396
494
623
299
608
625
391
488
748
648
183
302
767
48
761
297
809
166
954
923
471
398
770
503
218
297
239
663
171
943
867
608
27
743
517
471
512
655
512
144
570
525
242
285
254
39
190
632
927
307
779
939
600
249
600
923
554
586
975
259
8
943
979
730
555
530
136
583
74
65
524
294
97
892
774
125
77
566
544
69
863
503
589
731
77
414
506
85
302
917
944
848
309
629
984
504
795
853
112
226
722
56
88
313
381
968
181
269
297
225
152
742
506
771
196
695
657
593
17
38
442
851
708
223
202
480
561
565
94
969
830
493
638
344
120
735
813
24
593
480
127
677
75
684
936
328
373
315
276
116
34
662
468
819
920
892
70
257
466
426
696
530
409
394
409
781
644
794
580
51
708
581
17
892
367
802
608
784
226
600
68
953
602
901
85
66
765
949
452
293
632
410
405
764
585
437
643
73
949
848
459
430
594
434
839
390
313
652
774
603
794
99
718
735
987
791
574
702
866
151
448
625
559
735
950
848
762
186
791
527
193
890
985
527
212
781
745
422
745
91
888
608
162
303
307
269
706
986
87
965
796
230
460
705
767
329
338
949
926
427
388
218
1
693
924
750
165
331
348
450
901
572
325
730
491
296
894
474
874
788
798
360
754
353
360
410
271
282
246
218
291
34
639
204
828
181
516
50
336
854
967
658
129
487
673
507
841
574
921
227
609
468
218
317
791
21
126
721
171
649
576
49
697
586
202
577
484
171
738
350
814
872
592
493
833
661
712
728
307
421
454
436
60
86
652
141
403
87
838
535
446
864
41
511
605
40
53
224
357
506
936
190
983
329
116
842
555
339
382
74
659
41
233
404
851
962
423
134
357
785
706
853
506
726
877
846
262
610
366
546
134
824
200
292
586
792
259
502
625
512
937
598
691
777
153
244
827
802
152
911
33
715
362
909
883
870
681
482
865
964
383
657
658
904
602
185
499
574
283
854
115
907
607
131
699
949
554
619
880
305
116
394
1
538
304
996
367
343
367
510
542
203
309
404
324
315
8
534
683
172
685
579
640
239
361
63
710
777
90
341
879
573
868
39
191
955
638
182
478
85
612
672
828
527
799
7
431
649
872
109
814
883
691
547
614
527
926
372
110
356
474
265
673
869
6
491
767
838
977
526
46
561
889
443
115
713
956
244
321
589
218
522
357
813
208
249
810
671
309
524
54
401
331
252
638
376
300
989
93
702
201
881
226
284
337
83
903
842
792
422
907
63
509
647
677
721
929
643
822
23
518
957
255
926
792
857
252
902
374
279
250
442
752
883
902
474
793
921
942
338
745
816
794
30
385
723
753
917
245
938
369
596
397
892
600
298
62
89
236
734
453
722
205
603
950
930
401
40
163
971
449
870
106
591
46
405
590
610
600
778
962
872
313
906
28
682
172
748
708
435
25
656
745
139
570
890
259
136
683
260
611
966
499
38
120
700
109
498
122
747
108
88
675
944
276
634
259
973
337
294
582
984
608
595
539
732
73
98
793
789
935
856
898
679
503
892
617
935
112
848
259
604
580
652
830
795
603
782
930
483
273
147
639
44
555
240
191
902
535
601
957
929
353
380
707
104
607
357
27
338
310
947
633
443
409
272
338
127
827
962
238
883
453
708
746
348
676
59
547
747
429
925
970
819
338
269
720
321
987
566
415
823
277
158
611
966
891
845
16
352
234
15
514
541
751
466
254
270
964
94
228
446
430
407
750
193
516
138
980
780
718
745
287
7
909
190
853
767
594
235
404
870
601
601
909
87
262
552
174
656
91
544
816
273
763
35
532
586
280
799
617
369
534
226
881
194
520
941
862
447
961
493
44
68
694
970
567
62
93
831
170
955
980
146
484
252
410
2
741
106
440
90
805
875
149
841
458
242
367
122
128
491
22
159
948
824
253
119
228
864
249
598
229
927
503
792
732
461
710
237
374
381
520
84
583
937
60
78
752
41
760
742
159
685
176
836
344
81
881
658
528
210
74
396
465
200
746
548
795
64
142
464
854
818
695
454
153
567
873
612
705
206
310
395
757
251
225
67
331
198
667
819
475
453
768
528
537
779
799
41
10
988
266
119
313
940
158
8
724
585
35
290
348
447
998
575
774
473
475
468
256
608
117
27
341
121
557
408
365
905
243
346
181
435
945
282
287
469
180
232
24
211
10
975
342
277
402
897
988
357
665
248
643
608
860
176
94
25
47
733
93
391
344
602
277
27
239
491
812
8
946
440
830
864
252
508
876
840
744
33
117
428
3
294
26
856
627
177
597
725
97
824
35
768
741
70
310
270
438
508
581
533
574
566
337
16
38
263
554
647
899
691
85
964
939
589
402
657
300
244
557
593
33
185
441
576
306
693
527
22
400
675
402
94
632
278
973
47
446
382
596
481
309
395
899
303
184
456
182
910
804
963
614
111
418
269
836
369
10
5
595
814
371
883
672
705
735
241
530
921
666
54
872
416
269
613
207
424
686
835
632
210
362
184
789
21
750
16
511
248
459
112
507
23
815
871
616
850
72
532
124
484
954
699
583
825
215
239
707
793
60
11
879
210
493
837
404
869
615
518
802
242
910
358
883
690
5
806
374
345
207
611
301
184
769
657
500
312
605
550
891
253
591
888
591
205
705
639
903
338
117
629
644
587
254
252
254
922
326
303
341
169
159
123
825
657
838
443
54
188
332
107
444
211
824
474
592
13
279
568
810
669
105
366
51
447
200
863
7
793
118
811
17
92
552
677
771
727
651
613
6
753
393
715
809
320
335
311
968
540
620
453
895
492
780
260
351
844
596
655
418
413
629
736
523
236
581
804
541
632
501
390
572
570
113
820
996
96
554
619
505
908
183
926
381
889
983
286
877
548
99
605
103
7
351
487
589
902
466
293
749
102
499
8
180
192
365
33
906
299
308
577
917
400
356
361
956
879
487
541
379
774
204
152
586
663
496
764
69
433
335
106
714
636
531
112
585
295
568
948
415
523
851
805
458
207
389
463
662
821
318
562
569
449
25
690
20
903
43
493
760
865
281
226
653
217
837
951
863
181
791
308
570
240
409
470
611
824
94
358
201
831
808
426
654
842
45
95
283
187
453
977
719
291
626
975
926
39
140
782
86
947
872
158
496
867
151
992
187
865
240
325
121
808
923
758
518
4
696
581
977
151
295
580
569
491
731
587
56
121
836
210
57
836
194
332
918
737
329
690
839
851
946
182
566
916
37
276
27
753
156
423
784
169
703
635
548
380
858
354
634
101
239
489
867
536
269
912
236
89
17
203
671
614
907
618
354
79
920
174
366
290
88
4
93
802
486
667
725
370
262
274
805
822
986
462
955
786
590
455
487
628
232
515
48
987
533
694
786
821
644
753
194
330
707
627
480
612
544
173
800
244
780
697
835
459
643
56
948
984
311
756
903
80
365
460
500
941
861
502
281
960
779
600
13
338
475
732
374
945
246
712
810
624
667
346
669
813
715
299
11
357
2
85
508
560
117
628
866
47
873
639
668
316
402
364
135
238
130
944
225
968
298
92
361
712
110
805
364
646
65
158
657
773
416
998
848
840
873
677
573
462
692
986
750
477
770
250
189
222
387
395
977
869
156
432
817
237
799
517
271
158
997
194
645
90
60
515
927
251
76
227
170
853
212
270
866
254
72
981
879
876
75
750
277
265
466
987
29
100
66
888
605
829
122
977
213
559
908
736
711
970
761
620
549
906
135
778
971
933
431
817
688
659
309
951
547
319
41
975
499
786
478
547
315
595
755
788
720
778
978
979
450
477
316
961
806
381
993
52
199
174
298
523
865
552
409
480
220
713
866
376
599
541
161
445
92
75
514
365
960
661
13
97
929
404
72
110
201
615
203
1
569
46
193
803
32
733
70
863
301
25
6
189
601
879
550
653
609
519
24
250
692
703
955
192
471
551
80
203
590
813
482
154
469
608
29
589
385
758
983
883
823
848
207
835
876
98
696
184
894
590
30
733
830
598
877
957
137
797
235
66
468
344
813
189
766
686
597
164
82
725
79
838
181
847
226
338
100
630
575
202
759
276
778
341
236
597
843
819
24
336
961
865
668
843
930
808
650
923
85
509
452
822
543
220
882
615
48
333
748
1000
695
77
727
123
437
216
580
970
89
519
647
552
242
564
641
188
602
817
364
81
330
637
374
833
770
714
801
499
687
181
821
362
732
536
859
112
896
253
36
621
321
475
440
932
787
777
973
365
398
864
674
786
114
311
306
208
663
303
557
401
880
253
25
732
631
920
212
438
761
80
297
343
635
218
310
394
995
820
225
53
589
89
190
909
320
833
624
659
693
730
656
494
439
286
301
649
252
780
126
793
772
67
619
746
619
172
978
837
394
76
310
453
902
205
8
293
771
504
887
76
594
477
679
331
442
975
656
809
916
43
83
695
813
306
540
333
616
822
580
839
739
822
792
876
235
860
205
187
797
325
233
430
283
941
393
583
41
371
279
994
275
861
379
658
104
254
725
112
199
640
89
231
881
659
852
764
738
57
922
198
38
547
620
995
424
892
863
825
539
848
411
643
322
971
733
293
312
638
543
874
868
596
516
530
962
471
388
909
365
37
873
240
843
455
639
800
241
859
881
592
206
546
252
858
451
565
791
979
704
6
667
699
326
520
855
337
256
613
301
35
487
108
849
375
204
242
500
129
173
852
784
918
704
432
503
50
562
946
321
975
325
396
309
405
458
579
292
362
927
847
812
636
818
204
279
814
314
943
397
881
67
973
174
681
450
960
663
925
296
22
222
628
853
121
427
625
201
389
55
300
988
716
348
930
560
252
81
326
781
970
205
542
102
144
142
628
68
136
992
769
823
337
837
1
578
87
387
305
614
792
306
168
675
346
95
628
665
842
274
20
892
890
765
308
460
262
230
138
546
6
848
763
613
463
368
877
839
571
266
709
634
971
218
671
94
438
495
784
424
832
383
906
950
905
438
622
543
750
33
582
541
24
8
919
838
243
647
809
211
379
759
12
485
855
756
824
331
475
461
953
455
58
744
377
248
186
82
855
892
798
385
232
551
489
15
436
803
730
987
562
853
231
209
44
275
952
52
275
641
456
209
758
285
180
127
863
381
386
813
399
534
380
993
753
113
821
388
268
454
603
156
197
418
994
795
91
702
332
273
257
319
18
993
210
811
84
608
742
825
62
289
650
293
109
659
211
883
923
304
629
74
167
344
921
985
928
691
422
21
601
564
940
910
715
25
333
375
689
153
632
276
86
997
693
652
322
446
499
131
220
561
831
147
199
885
558
466
719
120
662
769
666
94
655
932
374
29
105
895
709
903
972
680
731
50
167
690
773
322
894
96
345
859
866
807
185
871
528
738
276
119
831
509
71
752
998
401
689
890
547
206
426
422
50
878
945
375
845
63
526
524
185
528
866
863
365
403
29
399
187
36
436
486
970
230
737
707
774
612
76
645
40
419
119
363
375
830
674
636
945
687
29
643
84
433
588
737
495
355
655
253
361
719
90
248
453
947
207
997
411
310
338
841
908
34
527
62
856
614
702
461
748
128
498
163
101
88
577
496
64
202
767
684
359
490
632
6
809
656
969
168
394
797
377
326
34
226
108
427
468
243
345
868
930
670
774
520
93
390
15
300
231
676
234
548
866
946
269
429
347
346
445
801
525
591
3
905
788
707
88
349
389
271
320
191
160
356
86
480
994
323
926
856
509
320
812
152
745
542
60
11
851
170
329
416
956
202
621
283
149
413
691
62
579
739
222
529
616
373
704
934
782
811
99
272
888
429
630
339
225
408
49
753
949
691
458
662
995
621
512
618
170
67
894
93
872
232
415
868
272
707
606
622
869
587
795
708
777
538
201
966
702
561
305
129
964
918
675
48
105
569
903
607
414
674
469
90
342
697
280
898
85
518
490
695
795
430
833
183
876
225
305
533
337
658
88
345
249
670
316
968
595
784
1000
877
462
656
704
779
863
884
501
521
112
337
767
288
842
270
76
917
259
748
293
783
818
659
69
30
36
486
318
596
102
555
89
717
138
582
939
33
377
206
651
190
402
401
19
169
598
833
174
55
279
398
437
482
901
23
195
238
675
327
642
757
59
611
398
464
521
276
358
700
834
523
898
901
351
288
274
417
598
708
442
975
981
89
143
979
721
247
330
475
996
464
320
923
104
975
334
760
214
446
442
235
318
730
812
608
807
569
871
842
354
169
793
507
314
63
897
319
408
465
26
465
299
2
834
910
502
48
349
139
397
889
859
101
733
436
183
706
704
465
799
982
315
125
394
356
432
218
452
727
124
479
203
865
679
233
662
90
232
204
908
617
791
857
733
683
858
514
313
786
741
591
56
660
175
158
278
378
231
180
616
408
315
82
7
763
178
423
622
744
309
392
325
953
47
903
380
22
161
514
587
453
261
637
637
135
856
347
215
526
795
43
490
368
38
528
246
538
500
378
104
560
74
246
618
977
731
841
124
142
276
567
854
141
202
282
935
587
743
36
985
588
933
879
444
243
30
878
714
527
208
827
951
598
632
102
299
544
63
263
316
110
3
956
555
518
7
807
30
488
713
768
439
890
942
119
488
157
310
41
628
15
55
540
631
828
329
111
416
755
499
582
735
465
148
547
105
126
507
318
7
611
335
454
500
691
585
226
510
279
713
871
599
963
57
777
964
254
744
736
605
588
411
886
652
141
356
502
338
111
926
401
436
566
804
302
905
873
46
840
685
112
896
442
574
391
14
378
502
354
458
882
328
878
883
233
767
535
469
912
817
341
948
927
853
640
34
468
335
781
501
576
748
189
895
157
602
804
593
25
511
91
798
638
773
229
185
238
991
511
831
353
622
683
723
783
969
560
228
954
366
536
777
742
237
546
891
935
723
736
314
825
526
955
385
983
677
901
352
186
355
865
109
429
765
176
329
175
979
178
891
352
925
189
306
25
764
370
30
909
617
692
234
532
374
473
778
553
169
770
518
863
63
433
513
167
230
818
266
22
689
346
10
816
647
64
193
240
30
831
597
517
136
55
825
575
513
144
197
638
165
166
213
486
104
380
343
570
295
273
496
686
747
952
312
479
145
399
916
494
885
234
551
116
360
642
997
448
323
232
304
820
673
263
554
896
870
749
181
586
77
394
656
601
620
719
219
718
764
824
588
320
429
292
283
244
332
153
166
557
922
554
268
943
186
211
380
743
598
99
646
572
759
666
946
170
40
662
593
216
404
478
503
911
254
225
566
829
894
430
363
447
77
463
597
110
929
395
502
820
126
610
508
613
495
334
690
606
195
30
35
67
471
717
409
844
128
986
415
565
586
483
644
629
197
942
633
72
335
70
979
892
815
690
359
762
654
392
329
545
51
343
768
637
710
397
624
669
726
861
291
190
508
617
250
248
117
760
908
389
248
231
187
297
457
69
166
720
833
45
880
582
781
695
313
412
492
234
703
23
44
17
83
923
832
711
835
370
732
37
749
255
216
788
738
623
335
487
836
173
200
675
979
390
33
363
862
721
57
258
981
49
545
425
887
189
542
751
498
129
638
670
541
955
672
337
389
771
232
806
406
660
667
97
113
672
254
105
274
303
681
203
530
273
383
583
344
799
970
291
713
971
117
269
455
103
883
890
2
379
974
614
83
401
919
129
207
736
493
846
352
559
177
713
788
968
986
307
437
977
704
415
920
60
470
416
158
561
490
812
175
122
256
605
298
621
19
262
100
105
566
602
620
322
415
16
784
692
626
729
144
396
249
527
215
21
81
309
670
861
207
268
274
799
115
233
121
254
768
919
658
595
325
671
319
454
775
893
957
466
153
347
305
545
875
241
578
510
523
936
362
91
202
837
589
333
533
215
35
387
198
557
56
41
34
638
625
600
56
303
235
40
462
93
744
113
718
227
828
452
299
678
760
336
95
83
290
824
231
375
33
763
673
100
499
468
758
821
222
714
208
261
110
142
572
204
409
304
533
276
790
106
924
75
756
973
962
386
338
400
171
901
457
228
818
101
284
830
981
913
533
934
565
208
500
329
226
417
908
184
928
836
247
297
377
201
328
899
230
860
531
530
20
700
904
836
973
188
33
225
962
836
131
638
835
288
715
543
474
92
126
698
180
16
736
56
72
934
751
461
52
69
890
697
496
107
211
424
799
777
3
818
332
54
993
513
84
823
253
76
763
519
825
671
397
678
290
584
916
747
854
76
273
791
145
419
517
575
982
933
879
105
501
736
47
663
850
780
842
377
123
585
754
147
383
4
24
584
94
238
751
956
884
890
574
193
293
381
197
747
114
715
63
207
823
301
33
874
764
995
577
413
231
965
270
603
302
333
134
630
71
798
69
630
919
657
894
371
965
710
377
552
132
544
428
799
192
490
729
833
538
612
587
766
225
116
140
434
52
665
504
300
827
172
780
606
472
803
456
680
487
11
408
904
99
79
886
16
439
656
344
982
89
731
161
158
722
355
554
266
842
686
854
579
210
456
62
393
617
233
323
727
117
82
519
732
996
868
931
603
848
911
173
329
423
848
979
611
29
81
687
261
621
65
249
991
470
338
682
209
761
753
812
951
985
993
380
236
605
395
483
860
41
426
524
95
34
2
566
839
843
462
392
950
911
765
553
12
194
14
409
79
157
324
147
480
944
267
995
700
929
168
133
160
421
608
538
158
752
806
754
474
540
841
83
325
687
618
432
928
875
639
559
556
749
658
163
873
407
319
964
822
798
556
552
506
833
124
115
385
370
474
444
363
19
798
463
518
548
736
448
913
479
590
229
290
885
897
210
323
683
123
218
992
405
377
916
783
963
845
610
621
174
54
149
952
227
333
310
465
51
951
512
146
840
616
323
580
361
275
745
774
81
735
946
66
540
826
418
757
483
996
152
123
770
670
203
530
356
325
62
948
20
694
864
42
335
180
521
117
493
821
250
82
99
164
128
712
920
995
97
55
460
147
425
345
279
959
965
64
9
200
155
741
105
806
244
112
96
280
662
362
807
513
596
309
62
603
822
815
785
131
129
469
276
373
415
810
596
721
713
508
613
213
278
586
279
775
367
450
278
188
32
198
246
466
516
511
990
626
216
262
686
37
639
397
712
405
189
161
502
589
756
208
566
26
95
576
261
501
352
354
171
924
244
501
189
688
150
590
492
109
785
726
54
134
790
841
465
701
801
778
340
882
871
470
837
471
957
228
912
542
815
853
295
249
100
700
704
141
485
364
461
731
647
754
449
468
259
110
157
380
289
854
405
394
365
511
515
389
57
595
711
478
147
205
755
918
346
902
452
212
554
492
237
292
467
885
430
551
237
301
838
815
679
184
64
1
423
985
428
895
410
964
249
854
614
197
490
488
856
40
569
141
278
684
269
324
261
71
716
303
553
555
662
23
71
206
914
656
929
877
469
470
866
689
586
560
125
612
437
873
666
850
134
178
30
787
70
707
54
682
565
622
470
251
169
323
269
173
829
234
527
124
644
451
216
948
910
120
690
197
297
205
235
303
946
689
650
962
899
523
141
302
376
201
100
135
624
277
353
365
563
966
895
862
580
241
844
735
489
813
637
306
204
152
181
565
409
76
676
478
789
54
820
326
733
514
109
828
709
316
103
333
122
472
442
896
359
72
990
347
550
26
210
179
452
814
955
264
569
258
946
748
639
680
30
524
206
360
61
883
797
932
36
875
450
908
157
247
888
533
374
529
253
364
211
973
604
58
607
664
363
713
514
75
517
82
616
512
124
805
757
696
591
106
844
443
196
881
671
95
61
669
559
499
178
55
827
771
464
468
257
826
470
983
15
126
555
766
765
380
189
91
249
325
808
139
282
869
241
589
105
193
884
413
548
181
205
307
244
869
680
468
556
339
190
941
344
659
402
760
397
861
844
816
38
162
281
974
914
304
159
45
955
367
745
916
346
589
599
699
845
702
633
370
406
348
85
54
773
714
740
461
366
142
718
757
400
447
310
475
672
18
891
407
440
731
853
940
4
199
917
425
429
209
707
298
130
345
391
377
562
60
243
102
9
295
289
633
971
645
459
511
375
502
352
747
797
260
799
285
840
631
524
936
762
360
781
843
318
5
415
662
918
924
519
714
853
95
86
821
684
711
172
942
792
883
651
334
142
349
511
33
515
167
951
719
715
197
98
950
756
727
413
383
758
356
15
459
958
835
935
960
465
446
990
273
894
686
409
115
208
37
255
856
817
838
491
598
787
445
657
183
981
660
175
89
658
706
581
253
31
10
734
999
944
715
589
19
125
500
462
428
330
894
20
253
402
108
536
867
753
361
405
263
308
147
254
271
747
356
705
366
164
680
185
6
592
41
476
289
711
302
777
107
507
845
790
649
820
527
226
397
939
704
471
59
692
407
334
63
894
582
380
164
92
229
350
777
522
669
588
86
180
636
297
372
567
643
693
968
214
168
211
349
69
576
855
900
839
126
81
680
992
559
334
514
173
309
821
106
141
462
904
51
491
501
301
247
242
675
959
464
427
535
728
609
891
222
31
547
64
167
930
942
625
508
824
442
512
230
336
491
434
704
763
187
12
888
432
326
739
160
69
167
68
600
118
408
546
277
832
702
718
461
153
758
762
518
452
895
62
389
461
36
711
810
954
325
615
632
141
480
180
247
696
212
123
492
111
694
497
319
326
573
454
21
342
447
910
829
807
386
503
775
357
347
19
448
764
487
214
581
707
643
509
786
712
170
537
183
353
723
309
274
190
957
776
951
424
760
193
874
902
45
713
696
633
660
901
557
884
871
324
130
959
608
439
38
56
54
180
907
78
965
787
767
722
65
413
232
376
521
855
152
72
14
376
391
77
251
347
113
573
940
247
116
53
260
337
767
531
828
161
949
365
403
335
496
710
865
45
954
748
820
424
684
57
563
62
680
283
219
862
729
559
710
848
402
110
102
918
700
831
810
567
689
707
538
36
848
459
310
722
665
100
147
924
955
188
626
994
898
484
280
887
662
303
623
300
873
672
445
575
604
860
731
714
946
495
425
495
412
46
353
174
374
728
265
283
123
615
52
775
129
904
291
266
707
291
325
122
894
121
771
180
213
782
416
797
487
999
945
843
406
704
84
752
312
6
739
370
430
347
927
917
108
400
428
454
388
982
831
382
169
514
416
967
497
915
654
709
106
237
159
31
221
855
748
863
203
567
931
570
62
831
141
133
751
552
162
73
511
843
209
16
956
983
56
789
306
78
544
585
347
697
198
205
295
81
644
776
301
991
205
915
248
984
58
749
591
615
353
973
527
693
105
119
838
332
688
682
478
569
596
772
459
110
7
804
93
796
17
187
174
293
570
600
208
290
1000
495
135
302
365
63
419
77
384
746
389
615
510
761
882
25
606
23
521
569
811
196
513
38
484
371
145
663
444
527
951
826
832
321
323
891
711
709
153
32
186
459
656
589
18
309
863
90
246
223
782
512
611
643
659
660
769
812
770
298
374
288
859
188
592
786
380
200
545
893
568
573
199
758
684
676
833
90
46
926
929
281
454
943
80
893
656
816
365
458
938
837
218
821
160
574
695
366
664
415
309
717
7
892
226
17
301
381
555
470
27
686
643
448
744
317
949
435
154
279
36
381
729
978
162
332
894
994
422
738
253
105
222
150
513
458
12
533
67
645
822
898
631
651
976
641
828
785
22
594
970
606
225
935
618
57
36
222
81
952
973
113
152
944
391
42
728
887
163
355
348
683
282
717
69
192
130
702
956
468
537
750
240
369
486
626
491
422
775
746
644
752
801
59
406
137
916
769
4
724
499
726
573
836
104
949
231
283
621
891
599
675
517
311
710
933
913
332
515
750
504
69
210
459
791
783
498
268
200
854
393
541
987
316
923
431
498
43
951
328
310
266
128
633
956
64
413
479
479
605
832
361
822
772
903
869
94
58
248
783
819
322
133
101
970
607
344
58
491
236
492
744
887
589
139
225
821
834
367
461
355
926
780
729
613
228
224
30
783
647
799
658
996
456
910
119
503
717
972
500
947
856
684
6
550
228
912
204
580
506
193
324
800
680
433
827
257
143
186
613
387
397
965
751
812
816
847
613
831
484
686
405
354
366
969
547
683
572
32
921
599
840
563
904
944
71
298
940
612
271
103
965
913
152
706
720
926
151
88
316
495
674
91
310
152
545
382
437
890
826
139
753
463
177
733
59
716
617
417
139
557
258
721
896
493
607
367
420
434
332
408
742
112
965
531
390
198
178
844
857
43
203
574
673
241
293
652
652
278
107
959
305
535
211
196
758
74
503
197
39
47
899
460
398
951
109
929
232
730
60
934
905
31
345
420
900
531
725
747
420
588
847
513
737
717
228
534
78
606
509
438
203
506
817
604
884
105
227
253
229
710
860
186
21
543
831
797
170
260
581
488
25
807
895
366
420
461
242
602
676
551
929
960
834
99
273
138
13
647
735
7
567
264
663
248
379
763
145
520
733
908
813
900
311
473
118
213
741
905
47
239
892
38
850
106
223
118
375
858
41
505
807
653
723
329
9
885
248
776
186
238
678
155
799
31
283
375
519
157
462
434
275
508
963
946
385
557
664
699
368
340
711
6
769
233
678
2
478
13
347
966
341
586
68
431
896
932
999
40
535
500
532
990
219
269
813
203
602
633
46
107
856
553
430
201
267
287
902
436
630
334
816
94
851
125
882
37
920
386
716
971
949
210
343
779
170
660
674
210
136
591
596
355
515
753
591
505
253
656
15
164
695
996
821
479
872
283
1000
745
652
565
493
525
642
95
858
901
591
269
659
2
751
260
777
354
1000
731
684
222
703
9
8
615
537
669
383
249
324
925
563
753
964
983
142
850
271
323
619
466
683
129
493
313
235
938
586
964
427
557
327
485
251
817
642
674
107
613
269
787
795
149
74
44
123
577
653
637
155
496
531
464
925
112
747
580
565
934
396
526
29
496
580
232
693
157
505
796
254
420
631
139
614
554
442
733
266
808
332
107
337
748
255
482
815
112
767
100
583
535
959
744
756
619
562
965
868
900
1000
736
92
867
443
262
989
948
772
329
31
502
328
291
310
765
55
82
815
441
659
371
296
705
231
589
189
206
258
446
680
289
830
624
6
535
529
686
12
407
725
540
192
330
366
244
777
396
783
931
559
618
368
530
706
804
344
652
170
317
861
656
266
43
845
793
777
418
654
837
819
570
551
152
148
481
457
927
851
833
664
749
497
737
624
897
528
733
218
409
56
500
134
734
483
140
459
435
4
883
294
720
457
282
141
907
720
467
919
326
385
327
691
93
172
200
169
158
236
347
970
902
759
568
201
955
943
682
840
775
887
785
946
16
79
999
549
668
482
979
332
235
414
443
276
211
602
512
499
455
385
44
344
38
801
892
69
149
457
520
181
566
131
61
482
443
467
386
503
56
930
221
425
117
455
999
808
174
406
912
764
839
840
372
913
24
304
309
525
825
832
273
265
865
301
302
645
856
61
137
811
914
199
144
599
923
444
858
773
293
738
263
693
85
50
721
914
357
771
488
63
344
948
910
627
86
552
914
119
233
223
446
347
865
868
816
970
647
593
867
894
390
308
984
788
673
960
711
521
474
670
521
166
297
693
451
216
848
942
75
333
873
590
121
700
436
410
759
792
878
631
122
831
280
110
480
676
886
497
896
236
712
24
1000
442
72
292
730
312
954
844
226
922
952
398
920
581
574
243
224
499
127
989
792
230
518
255
597
260
177
58
165
685
180
396
822
478
89
926
252
480
776
59
829
852
113
157
888
946
244
248
143
502
199
521
954
508
66
115
972
994
528
676
7
878
168
358
527
537
399
128
184
442
330
956
659
23
783
630
318
708
106
53
14
452
200
321
943
44
281
418
40
898
433
155
381
806
785
478
140
878
219
10
700
142
142
532
393
894
976
238
551
911
702
451
532
768
651
528
768
669
611
986
376
115
714
739
286
554
176
920
132
496
127
923
655
58
265
415
935
435
146
778
33
283
730
989
962
650
298
263
448
411
480
153
469
324
790
392
733
933
212
723
573
663
109
949
581
147
817
619
31
448
918
674
944
870
6
485
130
184
348
539
149
784
519
466
651
960
4
544
173
560
322
286
155
613
857
851
653
607
621
563
893
197
604
694
327
708
125
621
90
598
305
399
441
942
827
31
717
829
954
871
15
29
934
633
678
273
898
542
867
274
691
423
657
377
234
22
655
85
780
166
680
895
676
174
560
844
593
839
755
589
749
273
46
791
26
428
689
918
94
395
676
197
422
371
961
305
272
204
535
725
991
455
971
687
104
654
319
650
331
946
883
170
885
817
461
636
890
46
224
889
971
993
945
131
324
567
781
602
474
157
631
162
681
55
845
230
635
964
622
53
987
632
388
333
263
213
935
36
16
84
846
451
437
804
491
164
558
904
925
62
41
74
427
157
50
375
814
355
13
757
12
442
899
547
387
838
418
72
232
313
932
858
977
837
583
568
214
591
851
848
166
427
952
441
748
299
201
180
557
818
388
350
422
813
402
907
898
790
359
777
119
832
449
949
887
20
281
880
985
615
792
900
692
946
662
479
929
625
872
951
874
844
103
471
824
873
664
987
461
405
133
684
516
831
308
698
790
811
74
107
618
335
870
927
425
333
101
483
249
181
554
870
499
614
605
887
303
480
616
932
132
409
500
411
437
422
567
898
577
139
452
978
455
922
672
803
824
333
38
183
770
785
602
167
859
239
642
349
210
62
438
767
911
999
8
756
16
38
647
961
387
150
136
488
336
932
358
117
236
12
196
492
475
106
363
637
291
713
985
826
559
347
953
497
419
800
348
752
502
434
92
919
636
75
64
676
842
927
641
216
320
622
190
326
581
19
477
733
833
524
296
5
730
984
60
708
537
25
592
680
29
769
88
6
891
977
327
520
485
249
331
484
469
763
953
355
648
873
887
25
758
306
109
978
238
981
551
250
357
31
262
149
197
231
497
392
365
380
269
865
918
84
886
538
413
28
972
823
302
272
805
593
373
286
142
997
220
263
922
179
610
694
150
482
900
727
427
856
403
359
233
355
857
845
627
273
438
273
81
215
212
962
978
664
492
24
741
215
572
627
99
760
932
784
440
817
263
875
33
688
338
154
193
290
762
188
564
33
867
283
6
101
18
602
18
150
997
526
224
972
591
755
134
698
12
428
265
934
651
548
588
628
403
908
297
196
19
130
258
571
293
429
840
565
191
645
719
314
56
818
287
539
925
982
883
927
862
128
136
180
377
730
380
659
872
55
637
229
497
25
713
317
461
670
596
20
438
767
7
780
998
985
953
317
261
186
77
733
261
930
964
627
740
431
58
260
370
256
295
489
628
496
646
568
773
29
223
838
152
490
828
961
4
431
916
497
287
835
395
807
853
155
208
298
493
433
7
457
620
279
886
763
361
537
229
907
970
49
533
927
494
692
727
564
963
105
810
24
443
237
668
591
521
664
639
103
672
131
13
376
616
86
452
265
249
606
596
379
996
674
109
276
510
472
634
240
431
996
323
996
165
136
472
293
618
33
643
359
253
841
247
237
769
436
780
748
756
827
446
172
800
330
215
104
482
314
694
512
160
927
733
496
95
720
107
101
349
132
750
126
383
684
746
702
519
525
661
471
321
10
696
406
878
844
309
484
217
986
964
624
66
134
81
991
428
574
12
695
476
941
12
222
593
990
515
190
552
973
437
958
922
586
837
85
463
540
309
609
329
464
913
819
450
513
829
423
188
666
497
157
767
817
954
23
655
176
43
312
17
796
213
305
158
231
708
894
901
138
719
161
479
948
1
6
664
910
430
315
342
324
585
606
510
283
731
947
231
835
308
882
940
667
130
6
185
128
320
775
680
426
620
150
827
73
481
937
889
979
261
617
756
562
253
401
892
823
87
94
473
314
877
133
783
888
788
946
71
724
840
426
167
233
656
824
577
167
924
725
716
683
101
552
85
137
580
965
29
451
357
811
427
69
420
923
984
590
769
679
418
517
24
796
437
478
911
969
745
681
482
734
503
674
8
312
406
419
783
825
752
379
878
987
547
838
176
916
229
577
351
315
535
201
977
308
206
424
165
523
902
154
818
403
125
965
631
62
748
767
389
593
682
251
884
363
41
403
374
974
193
931
200
861
253
213
841
572
534
958
399
481
46
330
310
821
764
456
493
450
712
902
954
649
179
14
540
363
689
841
810
866
238
344
937
178
548
582
90
476
179
844
896
621
374
181
265
292
335
107
974
696
936
379
981
446
962
547
82
766
101
903
302
226
67
507
479
261
831
479
266
684
445
982
206
124
526
436
426
245
53
503
784
999
233
182
999
125
640
289
502
779
161
900
856
515
329
789
144
416
985
381
523
855
653
760
525
729
2
494
230
824
921
671
238
903
494
897
618
469
223
125
463
727
941
211
131
718
612
652
608
525
820
148
787
254
496
432
265
864
722
754
272
914
564
512
584
978
914
575
815
725
582
986
696
992
760
602
273
108
416
386
449
802
839
409
938
411
675
934
673
341
193
387
197
812
98
407
498
437
407
693
473
870
567
909
766
970
456
478
998
413
648
698
745
338
446
996
798
179
904
71
51
125
417
257
317
455
665
309
289
621
89
177
621
550
444
805
530
844
927
578
689
195
205
86
876
472
97
994
853
420
457
814
828
164
973
164
717
418
968
858
968
250
549
507
589
657
146
573
696
950
124
616
788
57
265
60
736
709
9
188
645
455
802
376
701
62
92
390
744
917
309
372
988
579
589
854
132
433
718
501
1000
23
445
810
613
637
953
734
156
290
693
195
123
810
987
550
876
468
13
260
198
920
181
288
557
247
39
591
500
68
616
258
918
699
917
191
450
638
741
970
525
349
985
672
264
933
3
709
484
663
517
511
173
804
945
23
707
378
536
721
19
152
146
89
395
551
117
526
915
680
720
691
941
376
140
588
428
253
388
542
361
414
262
846
180
603
872
182
264
943
86
131
650
138
995
744
109
292
885
866
606
316
402
729
48
371
248
662
665
370
853
193
814
243
609
557
336
83
393
348
892
417
302
164
231
929
721
621
708
604
699
453
229
35
661
58
823
965
869
119
705
999
684
810
815
924
451
657
286
364
895
325
939
421
581
526
297
269
397
755
877
403
412
588
150
445
612
957
972
205
50
922
262
900
505
730
215
806
645
195
311
642
311
298
282
966
424
93
64
504
351
549
377
579
298
449
385
891
379
432
304
995
664
861
118
67
644
661
331
718
536
945
894
610
810
67
377
369
914
205
514
310
580
125
433
761
867
642
833
378
528
742
721
501
456
215
183
246
964
390
631
409
761
448
144
106
804
865
215
733
906
844
20
855
102
675
662
639
851
142
369
35
790
295
636
929
474
991
760
283
428
507
175
23
956
360
72
166
601
537
789
278
949
923
667
499
501
587
634
505
705
521
587
819
514
66
204
82
119
426
346
233
367
122
134
266
143
382
14
412
82
240
188
140
665
261
746
966
518
705
47
114
981
705
493
525
370
86
382
160
311
265
216
854
187
10
289
371
241
176
24
40
113
843
861
8
661
747
702
50
152
297
54
9
868
858
298
188
236
244
252
689
514
114
347
674
830
70
247
178
550
788
429
916
292
471
546
105
696
170
293
463
528
30
907
621
612
396
891
122
630
774
442
309
127
880
274
351
856
944
477
847
467
313
369
286
186
980
387
424
297
364
368
300
66
902
529
371
480
703
692
345
411
500
675
898
647
806
965
843
397
448
624
27
540
834
401
248
324
251
716
665
240
348
815
771
768
879
56
751
943
564
348
927
202
654
65
697
52
640
502
808
974
978
859
552
156
870
662
358
853
525
258
356
732
556
708
813
996
591
927
36
719
796
89
787
119
262
510
150
733
982
306
26
107
51
492
446
352
540
127
68
348
795
287
763
322
280
456
157
610
377
222
906
957
812
787
218
404
381
247
482
152
114
219
136
34
324
796
813
442
855
319
384
316
493
619
201
580
193
41
497
863
505
569
623
199
605
385
484
721
121
183
208
151
120
680
351
709
296
6
61
824
849
636
574
606
264
329
161
111
876
282
478
191
213
846
628
170
122
650
618
530
88
96
489
137
405
113
555
385
378
329
892
190
803
725
87
450
62
722
454
791
306
891
537
407
794
399
451
608
479
800
885
830
785
617
591
857
159
702
385
176
177
471
579
777
116
885
782
244
807
441
542
194
656
230
158
367
124
370
724
102
532
696
783
313
560
480
130
125
858
629
146
32
509
470
560
973
270
819
100
972
489
667
429
893
474
929
463
258
904
45
318
908
955
175
400
663
198
189
363
615
818
385
101
624
973
510
255
665
226
890
564
389
772
819
628
854
725
582
815
194
762
989
58
506
769
567
627
680
112
760
5
526
28
39
489
107
998
62
415
378
897
423
422
812
751
76
841
179
27
103
152
938
301
49
77
165
827
182
674
502
513
2
162
439
392
786
187
193
344
306
210
985
697
912
745
888
415
690
771
51
217
638
419
1
34
47
163
184
786
511
119
455
898
891
184
138
320
58
241
744
807
887
445
870
976
442
707
699
772
812
551
853
942
80
677
245
622
999
730
450
87
578
169
92
408
649
170
320
413
756
898
43
883
144
236
816
999
373
913
845
607
897
803
716
476
95
625
314
700
504
884
591
941
82
223
140
750
64
680
365
433
567
474
334
937
318
709
842
219
188
673
296
816
805
2
856
234
313
54
120
640
520
307
761
406
124
597
340
685
100
310
861
10
933
256
297
382
943
806
793
412
570
661
411
925
658
664
365
464
359
913
191
190
598
299
516
68
407
941
313
695
154
151
358
465
570
444
500
200
294
496
967
332
737
791
588
184
684
796
949
851
237
667
106
362
183
516
944
589
113
386
966
108
371
237
424
208
645
812
414
320
727
352
272
168
637
691
610
594
419
33
476
915
769
921
308
451
192
664
870
598
509
174
285
553
469
636
709
985
982
267
515
824
732
621
642
90
647
946
176
945
507
708
262
213
537
187
348
388
587
767
63
186
999
384
249
763
962
282
2
524
261
613
46
488
395
437
32
696
450
286
883
500
838
908
36
302
666
143
120
662
198
469
248
992
78
368
204
751
54
357
946
385
894
369
453
244
34
391
82
292
288
699
750
176
864
351
555
203
501
529
566
16
222
465
106
734
71
515
983
663
175
439
433
874
508
362
428
495
116
169
703
855
661
678
364
167
9
362
838
629
361
629
598
995
171
279
572
782
284
82
111
197
54
978
81
406
41
824
819
211
807
490
21
667
571
533
821
526
285
988
870
775
27
345
75
217
350
599
587
463
467
595
33
390
112
789
983
91
294
894
662
986
886
415
738
115
155
347
229
440
471
377
921
640
629
381
658
75
387
937
901
440
434
537
527
724
18
247
285
317
276
808
185
943
955
257
870
724
181
296
23
768
168
806
159
278
967
424
815
731
91
817
137
570
497
413
502
141
427
10
462
792
931
105
474
722
532
754
896
557
565
314
887
839
51
32
598
912
775
984
516
135
972
275
212
232
948
664
37
752
220
620
865
64
901
134
88
367
489
540
523
641
431
186
230
174
184
773
225
391
444
734
349
73
652
181
971
731
861
13
686
885
372
753
961
651
738
359
136
496
412
659
298
550
981
244
874
321
181
376
211
580
405
533
60
875
257
338
752
153
364
80
27
1000
749
844
603
153
201
575
743
215
159
145
164
210
12
335
976
738
614
882
420
7
812
42
231
105
196
799
921
542
841
995
922
791
55
255
663
867
121
771
111
926
16
616
481
907
536
744
4
38
4
988
826
554
524
779
432
690
141
394
307
366
143
691
221
798
967
836
217
197
501
641
735
365
360
586
186
893
945
695
448
628
503
344
136
783
385
989
712
624
182
108
653
102
551
992
927
583
135
615
369
425
123
657
477
642
332
779
861
450
263
997
180
70
531
944
82
636
312
162
75
341
24
467
215
864
449
710
54
947
953
882
10
481
639
408
587
381
122
903
493
880
398
509
161
457
151
232
945
393
532
791
707
515
393
610
155
793
290
148
913
428
503
130
885
647
125
5
238
653
736
412
448
954
251
725
181
248
580
643
477
390
576
525
500
395
833
930
377
194
62
956
30
66
21
159
905
74
556
92
656
597
382
480
615
938
11
238
587
512
219
495
855
895
362
263
835
837
425
266
984
326
341
115
849
622
571
803
100
603
97
149
43
334
560
35
90
92
146
723
833
899
843
252
453
990
337
695
218
396
652
506
625
297
814
496
454
547
804
844
973
1000
117
611
732
695
357
591
677
687
639
308
442
256
655
557
745
62
732
612
836
32
977
470
465
718
624
715
144
507
729
134
439
10
819
438
927
417
72
477
724
895
937
322
988
449
662
107
719
693
4
255
280
454
480
872
932
868
927
22
221
258
525
557
841
25
931
719
555
539
669
964
720
665
869
686
343
96
427
138
845
833
518
816
860
170
390
343
989
254
27
708
936
577
647
680
43
627
707
875
599
20
806
668
956
537
485
959
325
204
393
65
23
881
64
525
828
364
49
577
437
58
506
524
575
536
363
55
594
599
256
449
661
975
961
461
531
775
683
817
490
627
467
529
484
117
861
655
905
594
178
784
547
813
490
998
117
17
299
240
53
914
311
479
670
151
276
354
188
822
410
997
564
824
822
66
443
878
139
64
427
388
327
658
582
632
989
9
521
857
302
649
265
507
297
162
508
757
188
295
870
553
620
913
202
137
531
310
744
54
366
817
860
706
194
820
601
36
454
923
704
261
151
387
581
744
645
10
100
448
413
314
764
925
365
305
727
309
930
148
471
492
529
298
197
71
343
769
143
690
954
658
900
26
565
770
806
131
922
430
627
242
95
153
667
121
853
251
220
287
298
972
806
188
17
415
720
153
22
95
820
431
487
112
939
397
592
364
47
834
959
368
195
292
28
102
39
562
542
868
24
268
814
966
443
7
848
702
715
793
351
55
412
12
704
138
860
968
159
341
182
807
128
232
992
634
7
683
404
282
209
782
994
823
197
446
376
485
783
60
133
215
162
228
613
496
777
829
509
120
82
92
998
538
225
241
742
773
651
912
188
33
926
83
617
147
238
280
76
744
406
957
558
892
679
609
300
475
965
743
273
955
610
332
319
847
919
270
904
5
218
801
587
184
348
802
949
431
933
876
575
642
12
280
249
980
989
249
559
28
59
880
5
682
8
396
352
523
99
957
227
422
913
972
941
377
292
751
399
684
717
506
433
382
32
36
7
853
781
831
533
509
17
76
308
140
290
968
204
895
275
690
1
337
56
471
667
889
646
791
766
617
470
732
870
408
842
296
141
997
265
902
98
422
529
558
821
112
418
127
979
686
669
716
362
932
344
643
114
615
142
37
660
598
503
253
544
291
549
221
128
322
422
260
237
99
98
435
940
438
810
252
13
422
939
341
509
867
245
441
318
335
20
868
212
251
30
577
68
362
34
821
262
313
370
2
504
292
955
653
853
26
940
778
237
231
404
559
926
145
678
867
872
852
447
127
47
191
900
37
10
502
113
553
828
153
362
66
18
675
723
881
989
715
929
212
927
292
2
502
179
306
564
234
807
425
650
188
720
414
79
751
483
632
215
218
194
597
514
957
106
875
41
14
611
469
865
60
917
790
611
73
763
778
62
777
541
326
28
120
309
521
120
783
93
201
436
739
46
715
25
386
802
554
655
570
329
927
950
111
756
894
2
195
62
864
441
3
7
742
34
896
975
788
321
460
82
632
588
165
175
200
754
759
398
683
447
691
519
401
444
672
832
934
809
892
831
487
466
121
718
611
94
694
954
323
573
989
188
205
668
111
763
557
635
401
668
223
132
793
191
628
580
161
616
769
87
702
630
238
339
964
432
145
704
593
583
426
615
922
487
547
607
770
63
461
94
951
437
623
812
408
918
455
459
705
307
988
711
707
889
922
715
131
541
524
266
565
363
471
789
930
601
380
413
142
515
289
844
476
449
821
418
390
940
856
437
157
798
444
579
757
70
648
217
516
345
597
36
84
111
493
753
979
123
256
507
986
149
698
301
641
529
182
137
584
110
584
944
983
850
674
541
126
120
781
44
843
57
175
464
405
996
356
544
572
80
567
707
534
703
599
836
629
145
470
887
196
183
159
261
52
734
347
949
765
371
329
573
368
66
195
463
49
857
266
726
728
805
955
932
15
18
790
710
57
86
375
961
65
15
212
210
563
910
220
17
919
545
471
548
748
660
438
397
679
596
900
30
47
487
266
168
770
42
32
39
351
690
84
395
438
260
894
828
131
992
820
337
948
329
163
499
479
231
889
345
915
769
226
380
69
764
682
461
497
737
758
931
506
596
124
57
755
789
286
60
424
932
287
166
165
902
558
658
979
822
94
102
488
254
548
934
897
665
767
702
334
865
238
104
2
302
790
268
13
565
215
964
319
945
694
579
517
60
849
517
312
787
889
27
884
185
731
374
524
931
864
987
491
569
770
631
727
224
319
14
686
162
875
219
80
4
78
492
90
38
323
744
979
813
352
768
586
463
467
336
189
619
827
691
842
542
921
460
343
535
627
613
116
949
826
742
941
614
985
6
961
919
606
220
389
389
697
900
825
80
372
880
485
438
847
102
239
201
947
134
727
380
792
240
601
436
583
170
752
67
131
865
463
171
768
925
371
760
595
122
239
256
110
697
917
972
420
261
424
884
979
817
887
559
944
296
556
40
706
437
863
757
382
9
65
987
264
903
729
404
886
161
697
862
699
239
813
825
296
219
821
224
584
809
247
62
576
589
696
280
628
128
958
448
704
257
80
913
243
899
641
319
195
868
368
803
550
795
656
476
189
633
888
635
228
64
292
989
618
359
797
901
47
17
943
896
557
600
7
556
210
981
441
415
957
517
540
617
18
593
300
744
41
336
760
761
388
126
588
792
732
207
279
206
464
54
687
390
415
838
449
175
17
442
803
983
840
544
27
275
555
946
150
294
361
989
656
268
967
953
30
939
840
556
523
982
889
746
263
434
752
866
93
762
468
880
442
100
17
359
549
476
437
325
497
425
914
195
328
552
651
618
782
669
550
648
302
128
202
155
400
808
745
439
381
882
454
977
39
258
202
193
484
327
941
39
771
469
779
154
695
365
489
94
237
928
817
6
664
59
402
296
700
343
568
584
791
300
682
447
271
753
282
357
208
642
205
924
895
796
693
568
372
477
609
747
361
407
148
20
965
564
563
818
100
960
77
120
271
464
605
33
326
503
274
425
21
555
89
600
827
509
712
66
98
911
636
524
725
556
768
203
879
717
18
727
352
691
87
690
257
738
557
614
45
972
473
507
172
820
856
212
30
742
829
296
862
68
836
483
547
545
308
342
651
726
104
439
876
890
249
562
774
608
918
812
256
858
317
787
990
349
96
49
242
71
621
507
701
909
517
714
395
824
793
974
356
936
611
946
640
624
24
610
858
873
882
54
349
115
436
766
398
954
690
216
634
217
539
7
285
324
54
724
835
265
275
242
762
339
489
879
502
391
312
732
684
272
855
642
713
289
59
620
460
929
592
323
120
755
919
990
28
430
581
563
646
745
304
914
977
912
651
265
976
4
89
560
398
875
636
952
308
236
356
866
207
729
240
556
702
290
88
856
470
249
740
17
162
685
874
361
86
176
579
851
753
497
375
763
457
972
474
610
384
576
684
814
640
924
735
290
419
927
203
985
456
476
421
142
785
211
221
221
990
603
870
995
958
186
848
148
214
892
419
256
36
151
241
113
936
643
693
265
809
587
488
305
842
77
286
519
366
17
550
560
907
114
356
572
58
659
565
393
474
386
632
521
741
582
96
527
808
651
109
293
108
349
117
94
548
791
244
666
437
538
727
742
959
230
766
53
866
559
781
808
242
541
916
525
130
653
817
639
891
154
596
775
923
751
650
808
170
554
667
23
303
508
578
846
172
429
165
19
575
448
755
260
961
505
903
293
158
69
50
41
1000
318
915
890
106
18
135
322
39
729
298
932
527
146
753
46
645
11
22
227
549
511
193
688
148
5
997
754
297
338
803
859
968
414
233
867
148
733
491
787
588
84
99
84
452
952
501
18
199
227
411
315
646
65
686
137
973
486
331
921
871
687
181
695
771
3
123
122
930
311
658
67
853
836
957
550
511
198
579
909
900
821
387
946
682
543
734
203
803
591
446
259
458
764
515
402
845
503
417
112
898
962
208
103
796
874
955
124
782
676
978
768
916
369
326
115
872
659
440
805
735
767
260
936
246
303
653
127
960
851
457
711
801
818
87
92
635
514
71
951
803
187
20
559
484
49
11
839
581
797
455
218
879
77
540
716
950
371
271
656
653
63
746
175
705
468
98
666
514
915
514
701
134
779
658
681
813
743
15
1
102
856
203
169
833
342
310
612
486
835
450
748
757
713
541
803
440
413
659
310
287
658
125
354
483
429
67
342
504
83
1000
367
820
290
709
763
946
347
16
754
114
343
40
312
84
705
281
635
512
708
1
793
1
304
705
726
629
124
109
903
484
31
476
870
191
385
838
396
893
951
575
325
833
776
385
465
176
713
997
491
415
950
417
975
695
687
900
104
309
492
438
425
449
975
829
660
305
150
434
414
758
621
295
511
927
567
848
467
433
645
290
72
22
395
686
874
727
671
579
967
973
216
292
373
922
559
113
524
783
322
569
524
218
780
45
898
147
730
436
11
525
772
788
77
779
948
528
212
311
382
445
419
878
774
103
906
596
102
702
989
636
492
337
177
200
598
50
994
99
652
831
128
660
210
95
612
142
789
740
990
689
966
594
591
156
724
950
358
217
126
754
90
858
305
370
494
269
825
985
378
603
262
875
620
980
833
48
667
850
70
926
312
627
556
595
228
256
449
420
59
390
228
952
286
290
260
526
537
498
181
57
995
144
586
47
216
296
345
780
364
844
748
426
472
784
814
550
407
454
860
409
211
491
573
964
176
468
667
370
579
184
387
116
94
401
501
69
755
389
278
726
9
900
279
640
609
917
751
333
175
376
900
103
93
765
642
522
556
877
988
848
922
361
591
566
410
939
548
114
963
593
340
25
953
731
500
530
116
801
330
332
938
58
682
731
888
466
394
313
314
407
84
697
176
654
610
708
36
920
392
322
421
597
413
34
131
269
933
847
678
771
610
850
806
614
6
833
962
943
143
691
46
142
665
249
857
313
585
245
863
946
490
320
327
188
79
673
23
544
268
211
995
255
696
747
631
738
254
880
279
9
543
979
85
549
804
95
764
614
542
437
720
516
378
710
688
96
989
196
874
285
704
817
577
615
892
918
796
203
891
118
810
999
194
395
486
234
475
242
691
84
554
358
254
191
359
532
44
964
809
950
201
372
217
437
588
602
702
80
980
507
673
370
348
22
851
45
594
245
943
535
558
359
169
892
44
764
317
609
907
672
573
458
806
674
966
310
738
681
9
307
432
286
337
986
690
695
726
241
677
496
297
662
914
310
336
532
725
799
559
527
122
114
537
464
447
392
874
898
433
626
844
109
121
813
390
384
128
354
86
441
159
580
359
852
762
658
198
353
429
844
169
584
600
141
126
226
578
544
669
962
390
491
956
142
47
316
570
671
753
616
154
981
111
214
450
848
159
52
860
911
548
38
812
297
246
79
391
235
458
452
497
695
123
706
616
131
197
959
815
759
511
465
326
361
771
723
19
674
466
105
426
258
994
975
381
205
559
781
65
103
714
317
212
176
670
730
32
681
218
93
871
704
766
299
294
315
739
327
120
885
859
874
86
540
768
759
922
919
117
970
241
580
127
476
916
431
397
461
549
35
454
551
934
523
558
318
616
796
919
585
364
884
230
552
577
685
510
230
260
434
984
910
186
808
329
124
428
246
793
454
132
353
587
773
455
770
541
4
1
682
617
303
637
31
923
255
739
929
971
242
827
607
948
445
850
216
236
731
962
703
254
115
925
364
108
196
518
479
389
642
513
954
200
976
112
658
933
113
278
109
248
131
922
397
308
231
628
731
146
413
43
50
106
353
211
830
960
743
293
815
988
524
37
558
585
226
138
155
124
56
996
521
523
149
116
161
82
265
691
350
448
896
628
598
415
485
453
892
323
85
590
551
824
894
537
799
405
844
707
505
63
325
287
955
462
857
486
548
561
855
636
608
190
726
825
403
327
720
630
385
853
162
666
816
973
761
129
907
551
889
104
565
641
157
177
382
219
941
776
202
724
675
575
638
886
724
831
484
733
585
969
693
366
78
502
987
510
780
627
538
76
251
649
361
536
598
190
648
112
412
569
462
491
947
62
922
124
28
36
904
418
436
414
233
180
87
371
74
807
264
707
508
298
893
696
684
427
631
718
946
624
725
784
101
889
484
981
439
477
204
544
522
649
687
566
350
605
156
425
41
409
516
894
266
467
910
529
119
716
641
503
717
847
746
814
110
790
116
72
116
279
104
470
214
620
384
41
576
507
983
237
482
769
952
466
535
751
856
556
835
875
237
825
854
486
520
675
63
960
420
327
680
850
738
462
198
191
360
802
181
377
831
268
281
375
577
911
543
477
506
676
938
178
436
517
246
800
597
187
731
744
673
785
94
132
250
799
605
380
814
491
526
547
431
792
668
810
934
378
35
694
524
721
438
304
790
960
218
456
384
382
604
823
746
610
336
800
158
875
783
328
882
582
406
353
665
100
780
285
579
387
826
640
664
625
434
105
489
495
674
755
814
318
971
905
109
661
105
78
627
533
666
587
720
495
523
591
920
659
141
861
695
417
746
373
936
842
746
621
424
108
420
867
810
508
826
479
77
277
685
521
637
341
163
379
296
543
696
690
705
306
297
368
318
396
573
898
634
617
807
121
908
144
286
213
864
772
723
908
696
668
367
719
847
366
394
349
358
811
352
99
743
265
573
874
644
152
834
457
348
819
115
157
459
324
965
524
635
257
826
923
719
597
319
108
623
155
568
701
637
486
120
204
670
477
483
762
476
498
142
561
695
61
179
556
923
265
887
136
626
689
669
515
404
133
126
946
841
908
128
815
774
461
518
757
112
311
447
50
299
99
633
13
323
522
698
177
846
628
971
320
432
657
7
61
929
502
360
768
281
166
918
963
488
656
672
307
574
742
848
970
183
714
290
510
676
246
600
88
239
627
703
674
280
265
843
922
700
185
49
659
909
282
843
723
842
994
44
588
892
894
476
231
46
549
532
271
548
597
339
601
319
187
204
372
700
790
24
195
75
128
621
4
477
13
663
531
96
625
223
468
998
965
729
574
406
851
353
692
637
461
908
111
12
107
32
783
132
853
681
427
938
505
481
721
816
996
984
78
178
344
637
473
571
911
744
30
792
41
301
432
362
973
991
845
898
238
696
885
443
828
760
12
31
429
902
365
870
760
76
176
133
595
289
219
400
228
951
652
901
855
515
794
691
596
682
322
141
455
201
371
618
875
348
476
384
939
545
387
884
742
64
550
644
167
396
52
613
218
261
293
77
838
900
342
568
288
599
278
603
259
372
654
765
423
397
938
625
442
613
822
374
838
223
586
931
17
585
896
451
800
961
430
900
315
10
931
375
239
278
594
949
627
653
225
203
994
970
528
235
685
275
63
886
27
689
367
561
917
643
234
449
235
609
737
14
597
100
534
76
487
567
335
792
420
55
104
343
816
508
996
712
406
329
801
262
614
621
935
80
946
816
35
450
222
962
259
587
866
602
49
855
154
704
259
811
171
365
676
550
996
995
116
182
920
233
802
573
110
670
16
589
375
723
120
4
370
937
610
86
436
604
611
623
224
437
212
647
668
888
312
930
450
160
172
87
896
209
796
394
854
492
588
316
727
803
842
496
704
682
47
285
191
713
251
532
514
75
897
510
408
561
449
57
642
525
100
706
880
689
111
387
77
93
463
625
747
341
432
3
679
301
314
755
642
844
990
568
497
843
388
684
865
772
349
554
209
988
513
589
768
405
417
271
417
409
863
770
362
349
33
167
333
921
278
29
379
509
153
351
148
543
477
380
243
766
610
33
788
17
196
369
410
298
229
657
612
518
359
877
836
133
515
125
334
856
616
345
533
208
656
399
782
878
871
403
123
193
739
310
196
597
307
839
338
151
355
125
412
105
155
151
219
290
427
726
192
479
779
11
307
725
7
203
691
563
72
394
215
416
57
811
516
372
197
706
789
40
271
585
680
660
28
250
772
721
659
236
401
155
550
361
733
429
247
44
878
76
260
374
291
648
563
346
447
238
112
406
26
375
404
283
184
403
555
293
936
958
858
673
381
513
254
437
135
704
107
730
119
515
302
3
343
37
937
153
540
911
800
313
38
438
238
419
737
996
754
599
749
430
545
154
531
684
209
419
42
12
79
551
267
217
503
569
989
299
494
133
748
834
401
505
933
977
52
458
971
38
426
966
315
123
515
531
288
389
348
832
993
746
489
100
226
380
831
757
968
722
47
100
624
688
837
217
857
829
673
127
801
920
591
849
389
34
228
191
348
802
483
753
531
161
209
955
591
938
632
296
329
923
111
259
193
622
372
299
910
445
566
408
170
623
667
486
163
904
609
339
938
988
948
639
184
428
480
544
171
819
713
843
18
952
925
741
857
342
273
134
811
385
457
629
83
85
989
39
163
475
984
982
454
577
804
284
259
28
164
615
948
362
860
376
394
484
54
331
899
732
312
14
320
865
24
284
427
754
339
654
843
856
14
761
565
391
767
926
861
573
725
557
6
372
7
538
204
43
769
545
737
893
858
321
922
607
132
261
504
522
731
8
977
805
578
12
309
735
613
502
715
301
925
901
822
23
484
530
971
1000
3
597
695
811
972
111
863
438
83
694
90
663
177
674
626
613
388
862
69
350
312
241
758
976
588
483
773
320
595
87
276
778
391
129
177
763
148
366
744
636
326
530
867
387
36
932
793
562
509
197
9
4
891
480
723
755
17
827
795
251
212
390
927
873
815
147
161
890
531
596
995
421
427
781
733
996
184
414
718
411
113
149
644
96
96
93
156
587
355
184
558
305
195
641
683
749
149
678
233
534
31
232
347
536
671
706
559
286
565
484
934
332
830
279
266
863
484
779
560
382
449
131
917
296
5
989
272
431
689
191
298
856
796
26
222
249
598
432
780
692
95
932
749
762
906
236
355
699
479
897
414
246
718
868
500
867
146
861
728
601
475
983
88
503
45
169
621
451
369
76
162
627
732
955
634
809
502
919
364
713
189
978
713
810
33
143
189
17
882
658
263
956
850
970
86
571
546
378
44
644
202
457
812
454
45
453
288
272
271
496
685
934
183
422
669
989
753
529
980
204
295
698
100
258
537
893
404
8
608
413
505
230
902
413
924
191
814
378
611
294
851
91
886
390
43
63
904
932
399
683
176
905
521
186
414
826
601
318
516
476
338
562
538
211
316
206
612
668
107
727
581
387
101
553
920
434
265
314
393
433
994
354
812
659
981
829
838
969
739
261
860
31
818
380
457
171
532
152
70
333
768
819
975
56
797
89
518
648
744
725
205
743
844
375
231
314
868
942
122
985
817
691
32
485
134
822
722
903
218
294
206
460
845
845
398
404
610
531
227
965
266
636
793
903
324
439
885
850
772
657
828
990
837
895
326
754
986
862
502
928
694
726
890
149
590
734
94
701
454
5
94
790
259
539
716
918
909
444
281
563
485
955
733
195
198
800
96
501
654
56
598
596
43
719
181
935
72
203
607
850
753
340
827
698
194
615
623
374
796
743
238
488
632
567
941
369
340
510
226
601
495
421
301
96
311
828
39
905
845
709
524
48
475
377
419
817
39
269
420
648
871
71
622
280
176
789
648
862
658
243
648
457
635
83
685
627
684
877
173
724
596
612
548
110
928
519
909
599
606
409
562
923
334
202
974
819
765
2
86
821
402
227
79
197
670
779
18
564
611
41
535
748
900
791
807
264
348
221
640
407
530
163
439
62
660
523
166
54
454
381
626
614
348
41
378
736
517
528
331
150
226
793
903
429
58
312
214
192
8
933
802
812
454
882
656
921
836
305
907
119
646
586
51
784
222
551
62
222
892
182
962
230
232
138
784
510
378
373
167
276
911
130
835
314
661
982
166
782
735
753
484
355
334
823
387
415
288
562
732
931
758
535
355
40
855
880
500
86
323
339
314
153
959
9
656
594
179
496
976
765
313
702
566
716
79
212
949
896
520
906
323
836
182
779
760
738
766
777
434
200
865
327
144
938
761
426
582
854
135
904
104
964
871
55
762
581
759
101
2
834
738
37
915
678
671
37
560
385
674
612
833
353
135
551
472
134
106
991
643
118
275
300
198
810
150
620
309
636
804
198
911
714
87
43
848
443
541
935
836
231
308
918
62
380
207
491
119
749
697
990
398
633
750
301
681
601
933
732
977
95
283
699
727
26
171
788
155
529
792
987
332
801
920
64
56
584
70
302
36
325
509
783
763
361
80
57
914
581
426
722
116
8
450
811
429
196
46
806
701
760
248
594
947
497
272
522
433
66
358
271
439
749
658
63
296
788
746
299
288
825
621
408
292
582
445
564
840
112
499
498
796
126
681
62
258
597
609
127
337
923
716
314
889
330
31
510
473
314
321
429
808
344
773
545
734
223
540
109
154
574
625
61
657
511
330
488
338
283
985
403
468
920
628
508
340
829
239
816
396
277
526
541
808
12
372
122
269
872
855
59
913
235
703
784
855
355
672
111
128
295
493
531
244
386
598
65
615
98
184
764
860
414
69
250
416
298
190
512
107
840
104
38
974
133
262
107
515
462
299
902
563
291
62
119
920
985
255
214
802
74
855
85
710
625
83
864
769
869
686
503
596
746
210
142
513
563
936
227
646
474
553
920
977
798
311
933
36
339
275
764
75
326
777
835
675
365
85
684
519
287
969
799
181
503
274
143
263
68
937
568
152
134
116
339
772
375
619
359
21
859
412
721
509
72
857
24
230
790
553
48
982
557
335
326
943
790
506
652
973
821
189
863
794
449
916
935
250
809
394
665
604
476
91
327
493
238
603
947
988
340
685
383
103
935
701
337
800
4
912
19
875
173
792
428
698
157
51
265
621
549
285
234
31
740
228
481
30
338
649
785
357
533
661
303
91
290
776
522
552
693
908
899
938
442
983
766
400
688
74
691
450
504
176
888
213
11
508
726
301
172
511
246
642
919
52
909
26
997
164
63
921
344
665
245
417
605
441
466
564
897
207
843
515
651
644
150
126
552
806
964
807
119
880
955
912
198
41
378
993
710
739
83
348
411
880
13
659
355
567
893
108
835
798
949
44
542
445
520
592
168
839
789
642
221
583
964
194
359
108
836
346
681
520
306
844
553
443
116
377
104
728
770
854
766
336
152
763
915
811
374
9
46
217
367
547
599
560
521
186
345
427
934
250
877
337
741
727
388
26
697
87
151
827
347
566
167
16
370
834
921
382
444
152
859
266
974
818
179
694
677
737
905
482
155
501
25
671
394
159
30
695
883
319
408
668
262
504
113
69
659
564
54
414
84
477
518
252
587
263
627
684
645
203
265
668
174
288
777
190
335
958
397
235
925
646
438
645
659
838
92
814
492
22
935
450
477
286
560
173
296
100
239
969
714
976
650
525
157
497
252
928
571
988
26
772
659
383
866
43
635
167
739
299
554
792
736
254
83
657
156
444
910
262
365
713
950
210
907
153
380
115
539
809
820
806
496
105
497
240
322
325
835
179
954
775
742
600
767
182
744
497
932
714
681
626
21
263
383
16
899
2
851
509
648
491
211
216
431
811
207
820
274
405
9
519
694
719
540
623
686
993
245
477
646
301
645
831
554
560
338
798
656
729
643
216
791
885
387
148
263
407
503
757
237
110
728
281
588
482
844
636
970
81
25
190
259
996
691
500
590
851
413
102
336
166
668
785
263
966
404
573
215
283
882
617
799
445
301
779
762
743
913
184
547
650
791
74
544
812
256
910
99
12
452
381
316
997
526
214
365
585
911
725
490
149
325
744
68
556
533
378
292
150
840
326
178
734
432
290
83
244
71
363
318
119
468
281
365
869
781
561
645
254
256
819
297
660
10
892
986
943
430
115
948
23
387
610
252
878
507
427
196
972
968
855
547
545
17
346
271
722
194
290
56
621
302
62
177
939
230
88
762
825
490
125
507
593
606
694
934
546
205
447
148
158
6
466
982
911
233
414
894
3
185
517
848
877
477
834
93
768
579
639
590
64
879
596
957
453
958
71
969
669
467
658
451
440
482
949
985
139
976
947
740
80
242
94
6
149
667
169
106
727
43
334
287
411
666
900
510
670
782
715
964
848
859
742
587
368
947
390
867
113
321
489
939
392
22
262
695
63
259
649
349
359
502
648
871
195
966
514
158
232
13
670
604
732
668
33
454
728
337
584
473
997
918
867
429
314
448
928
426
58
459
976
741
463
6
603
686
902
669
266
934
308
23
418
952
106
309
807
662
600
748
419
37
789
556
215
645
774
250
147
869
244
844
468
408
687
388
711
624
565
807
673
557
540
41
378
493
517
480
669
697
322
829
298
748
165
261
316
876
288
633
615
374
164
159
933
690
947
839
476
925
487
732
577
228
267
152
329
473
321
283
506
150
957
50
234
468
569
455
642
66
589
273
29
511
962
354
536
56
656
285
715
3
833
372
330
44
168
89
691
586
899
239
697
795
699
782
382
466
269
998
784
314
428
423
450
943
601
300
249
757
447
418
403
19
344
118
282
653
339
665
469
280
690
737
176
540
591
482
582
138
446
967
106
712
465
307
686
569
800
919
590
853
629
683
895
720
392
637
515
386
629
277
24
570
512
786
838
231
549
686
396
995
482
799
366
824
542
814
477
435
37
729
765
727
391
998
759
335
378
46
139
907
335
984
624
983
327
379
789
439
760
517
807
440
556
900
115
929
491
596
276
498
600
743
442
316
915
921
95
614
46
829
412
868
451
532
19
498
430
449
612
273
26
847
693
954
330
527
192
329
374
62
300
585
674
407
851
27
364
811
61
621
546
60
202
288
423
759
394
217
311
715
558
101
15
312
413
347
184
342
567
225
902
60
426
71
864
463
213
341
320
882
685
513
181
941
78
259
364
404
37
736
523
529
309
13
865
836
843
574
849
323
999
503
843
757
648
2
247
422
337
958
107
220
670
272
984
147
209
891
686
337
177
137
421
362
182
785
376
306
758
99
787
429
457
20
345
821
783
435
462
37
568
324
197
949
456
901
121
958
998
982
538
747
712
32
226
96
558
943
390
374
380
589
477
77
108
249
479
501
2
405
825
596
104
976
947
331
342
675
589
235
166
130
230
986
169
206
398
307
883
87
173
841
594
521
580
157
466
457
995
231
32
82
102
696
22
97
645
581
74
659
441
937
795
872
657
387
623
44
399
966
175
269
902
977
148
859
370
698
223
942
718
774
415
22
731
739
283
183
455
17
910
362
549
371
717
974
620
952
589
836
716
584
780
453
1000
677
29
3
5
651
904
589
623
373
401
325
948
313
656
761
93
218
271
939
487
380
644
31
184
312
480
531
179
637
439
626
87
92
236
274
872
236
300
731
254
581
752
503
706
317
236
766
871
471
987
841
947
519
126
700
856
439
559
843
557
874
98
886
596
536
232
463
800
216
548
977
481
625
407
819
474
350
978
965
157
683
528
541
933
826
13
498
562
662
822
958
643
955
125
74
959
744
123
926
69
727
657
11
55
646
563
574
38
604
259
191
645
391
987
661
729
396
405
437
886
853
467
960
362
185
521
692
142
338
220
629
144
214
248
913
920
726
288
556
451
747
152
293
864
340
187
809
966
193
709
346
787
943
297
660
572
467
252
248
173
345
792
641
136
564
216
917
755
670
387
123
679
276
622
92
754
16
555
702
392
711
490
684
616
998
966
397
149
472
261
943
411
178
830
357
602
168
402
441
28
310
796
600
487
309
682
957
560
380
419
828
266
203
696
914
992
445
884
49
836
831
880
824
341
53
55
15
25
876
394
155
538
538
381
773
145
916
468
942
671
861
762
674
330
80
263
752
306
645
959
821
645
747
576
819
879
237
252
41
604
951
986
972
28
82
60
402
618
852
181
589
278
338
123
535
544
774
84
17
33
42
631
187
44
247
97
761
8
671
753
843
649
61
385
428
860
54
772
800
717
769
933
881
192
964
346
243
822
148
136
775
684
217
491
390
296
294
226
469
115
812
17
934
782
670
121
839
378
303
490
107
259
679
685
880
575
685
282
310
754
689
859
825
793
746
445
487
739
749
608
97
474
504
673
468
869
905
481
650
911
131
885
464
28
335
965
75
638
549
917
496
79
435
531
292
103
618
873
843
544
506
673
241
195
914
961
91
392
575
695
330
4
502
779
969
408
163
954
989
500
242
801
654
224
575
340
386
708
229
755
719
734
338
332
559
45
748
554
544
29
313
287
347
260
382
710
975
661
353
219
963
900
483
951
697
816
695
908
228
598
453
734
476
407
611
822
721
116
753
52
115
377
47
330
268
171
802
31
810
866
92
998
432
509
79
106
147
201
624
783
540
632
190
478
884
778
277
931
956
529
346
839
738
832
971
160
695
36
186
487
924
289
414
968
720
36
341
787
909
682
952
409
78
66
485
667
558
935
874
958
284
219
761
125
889
669
807
812
329
88
56
922
802
533
297
706
453
243
101
935
825
364
684
811
962
584
400
34
937
581
395
435
835
92
721
127
775
661
754
828
577
130
484
639
478
294
932
72
931
850
592
194
72
725
100
811
330
152
258
954
94
768
923
904
470
760
213
764
626
236
472
802
158
731
771
269
492
183
445
944
37
355
798
824
128
716
252
355
194
812
34
422
986
676
713
770
177
683
236
94
407
751
254
960
236
972
317
967
339
7
369
145
812
424
388
128
617
526
797
963
458
579
437
622
111
505
461
698
784
119
871
931
114
534
98
336
451
630
286
387
176
180
496
731
749
563
587
303
840
775
809
344
643
925
894
362
362
724
955
549
943
155
189
49
884
427
347
467
949
281
239
154
81
642
768
512
355
956
340
684
521
672
687
457
664
784
945
150
317
451
822
744
694
440
797
3
593
636
252
886
395
131
257
73
94
698
261
630
739
455
573
812
123
379
494
855
460
814
512
619
571
947
634
381
983
199
204
817
86
626
145
663
547
313
614
489
367
670
588
140
888
128
306
161
328
496
992
56
476
790
249
781
850
255
351
85
893
308
754
577
323
723
59
172
481
671
442
168
798
817
843
413
420
518
444
930
655
315
303
771
312
524
179
479
980
134
750
224
310
127
218
746
366
360
6
76
421
939
316
714
651
553
863
493
773
40
939
796
256
542
722
705
745
700
334
217
113
674
488
977
768
998
638
174
252
754
914
960
765
352
860
84
217
746
36
739
779
396
476
276
841
79
253
911
524
716
954
400
530
450
903
823
405
632
555
2
597
692
989
953
51
355
1000
682
18
772
14
57
305
801
682
308
195
793
857
222
927
874
336
771
413
796
467
250
438
760
51
116
877
240
547
828
448
410
555
459
851
714
732
111
415
534
662
814
937
463
337
341
242
939
418
959
83
944
822
497
515
35
676
178
456
226
413
100
968
696
883
912
305
855
287
888
525
130
141
74
337
830
226
688
221
331
764
690
241
122
590
482
287
595
96
972
12
892
916
806
308
212
32
378
438
745
185
946
787
393
163
954
159
98
442
677
125
770
490
80
664
762
608
132
420
247
243
361
811
102
619
75
330
331
225
512
249
395
929
490
417
927
473
332
1000
636
583
447
296
348
101
61
588
262
602
216
302
446
630
783
822
420
669
718
329
722
348
583
436
60
133
16
880
279
118
421
580
481
313
839
131
761
471
432
837
986
572
878
712
224
65
920
91
364
361
482
68
138
306
731
440
276
964
245
971
408
582
646
263
983
135
416
692
749
810
533
899
979
671
854
877
339
271
126
810
254
162
159
762
474
919
648
618
30
315
167
113
683
380
475
942
958
931
39
235
836
10
650
355
809
980
328
285
224
709
676
416
832
783
101
369
402
159
822
407
464
848
544
546
236
643
776
657
53
367
549
461
399
826
621
582
969
276
212
272
2
108
566
655
578
600
666
396
30
755
282
783
147
398
635
451
688
975
508
153
866
54
502
178
969
377
852
586
129
212
911
499
946
580
869
694
888
46
470
906
51
311
752
245
455
654
730
806
423
663
786
259
674
881
669
662
611
301
969
363
930
33
771
400
380
449
844
631
967
505
42
326
18
824
821
430
599
938
811
964
729
655
829
296
865
517
963
70
664
922
25
228
538
695
167
193
153
255
710
390
683
758
967
427
829
320
785
785
689
264
988
547
209
9
355
853
142
15
179
176
730
815
950
263
140
507
990
639
966
269
953
858
286
57
525
813
400
401
378
84
384
632
916
376
65
678
44
451
513
243
716
5
382
766
318
74
811
49
23
114
302
110
671
452
609
257
495
833
624
928
753
817
14
468
66
964
663
432
166
546
864
378
941
556
935
85
736
599
407
559
98
775
253
285
296
659
915
462
789
179
611
132
535
153
477
865
47
756
359
776
389
987
295
92
857
563
120
927
437
507
864
265
308
569
826
314
567
541
949
511
945
760
493
67
291
443
292
886
522
342
81
327
912
872
4
808
331
7
455
562
581
602
658
779
217
974
205
411
511
264
932
758
471
91
721
556
186
596
283
546
606
161
412
570
812
893
13
709
228
866
223
858
455
575
257
686
93
562
691
447
645
351
772
80
583
37
884
314
23
323
775
865
48
823
825
263
175
854
468
35
585
37
353
663
666
875
114
181
385
499
575
407
817
950
987
737
407
22
49
681
768
746
169
770
409
915
246
905
969
643
440
438
421
299
170
523
234
108
678
656
175
940
173
216
789
192
818
767
869
549
276
135
349
117
517
745
818
839
557
360
866
873
431
475
582
90
297
89
158
558
766
951
609
217
687
38
771
194
302
235
479
898
249
940
428
213
767
420
645
57
986
318
391
968
904
94
142
883
310
513
693
302
224
379
628
957
717
231
972
599
909
456
928
143
862
319
744
392
527
878
330
598
866
588
149
95
222
793
795
62
15
505
495
772
322
486
173
510
579
180
63
306
635
670
394
871
691
121
402
242
502
665
733
906
120
900
108
907
765
370
265
342
511
368
347
803
16
91
5
957
968
839
708
937
581
337
497
408
246
235
957
811
953
884
878
459
662
837
100
168
476
463
512
737
313
740
989
929
286
530
520
100
493
939
452
794
869
391
255
128
196
675
293
393
62
775
513
207
526
755
369
5
511
109
999
661
785
807
294
441
921
493
867
631
557
927
630
533
826
40
399
60
997
269
36
31
881
951
21
925
695
244
825
177
744
612
676
869
416
276
882
898
903
708
874
90
171
249
492
275
96
381
906
75
803
494
167
501
197
695
246
603
18
62
714
152
371
534
996
512
413
865
849
47
826
52
428
964
93
19
218
691
19
57
107
955
998
437
155
133
983
957
894
599
245
694
906
636
59
570
482
563
167
287
955
327
336
194
167
686
724
178
522
573
659
556
173
192
452
883
776
388
971
260
919
910
513
525
274
112
988
83
789
228
136
515
773
290
154
819
987
960
349
543
387
918
56
446
990
945
645
105
621
43
663
746
158
678
427
595
981
33
101
638
957
137
357
662
10
109
201
589
786
615
767
78
321
383
801
79
358
664
381
75
894
259
5
86
262
417
124
146
924
585
76
443
617
47
602
704
569
60
843
795
193
501
347
96
805
63
566
164
716
101
155
101
614
233
932
937
977
996
620
248
261
673
424
622
430
887
760
364
207
777
262
649
858
95
346
755
718
272
95
581
527
581
771
989
931
178
396
163
897
736
160
777
678
348
313
935
680
819
957
916
949
711
576
254
939
883
243
213
594
915
208
248
312
974
618
281
410
366
203
813
260
415
346
392
291
943
746
626
468
957
775
865
752
438
12
264
750
810
757
293
747
22
574
842
236
856
970
406
897
793
308
598
37
359
244
465
15
243
93
786
36
524
936
789
640
834
400
424
833
208
349
687
571
652
773
564
695
379
213
465
830
929
780
330
885
666
457
471
578
356
735
935
244
43
496
691
914
300
792
168
754
685
562
812
609
212
46
912
780
304
135
252
271
299
305
393
183
738
549
986
240
75
858
97
786
91
961
166
146
7
250
557
295
483
659
297
941
604
58
187
756
873
413
727
74
666
660
738
798
20
15
477
631
782
396
385
166
425
917
529
142
989
508
827
379
298
532
240
807
95
866
884
498
189
245
374
407
989
839
789
205
797
212
661
305
108
108
368
146
560
613
163
610
837
100
431
819
390
621
139
352
235
220
992
418
932
110
88
427
786
695
744
476
1
351
209
327
630
769
265
93
757
514
484
762
107
576
99
774
882
905
156
948
941
502
111
407
626
651
840
379
153
724
907
886
50
50
567
755
420
398
216
805
685
351
848
344
860
638
907
906
381
509
898
854
840
210
40
241
87
41
72
320
679
396
957
290
440
246
611
397
707
59
84
757
612
780
139
24
438
932
175
142
434
817
492
232
507
135
147
966
699
686
446
582
530
80
975
291
687
396
728
260
514
716
276
934
144
761
585
278
348
333
927
996
734
635
608
66
519
92
425
8
268
342
515
729
62
907
34
275
435
30
601
586
383
883
811
417
8
200
914
102
485
998
423
961
524
428
613
697
88
897
315
250
602
171
146
138
187
427
40
568
516
227
638
481
489
379
320
987
703
699
924
581
855
617
253
967
610
435
177
767
355
417
339
864
131
827
587
421
806
808
727
181
16
933
759
647
36
94
446
938
683
34
23
703
803
189
473
82
237
185
129
778
80
861
260
437
357
965
207
220
326
68
174
876
421
72
42
824
568
661
22
570
356
86
265
810
608
859
568
34
167
521
664
789
288
215
977
156
839
328
45
805
724
815
906
731
555
534
402
966
434
904
689
942
313
1000
239
224
64
368
90
584
54
659
170
771
541
71
527
907
398
740
581
889
762
10
384
570
60
148
748
582
44
596
133
16
135
816
558
207
263
525
118
348
254
18
898
682
478
856
770
912
119
405
506
411
30
503
656
603
536
786
125
965
84
919
518
944
502
375
641
88
397
141
233
367
636
10
380
359
804
16
741
339
420
219
961
574
596
528
533
98
510
789
763
526
976
626
776
282
293
735
993
143
131
925
703
921
862
475
471
819
435
404
252
194
466
117
215
64
46
435
441
175
225
191
474
44
829
561
927
200
646
493
801
115
199
738
504
925
64
259
482
471
784
623
821
663
119
376
14
151
847
730
885
944
688
10
821
104
193
318
668
602
739
184
895
275
200
755
699
781
353
48
823
906
281
790
912
456
135
7
171
29
623
103
84
893
675
132
711
283
675
630
155
263
781
264
269
961
221
752
889
656
482
381
735
318
815
267
158
735
919
335
110
880
296
245
45
757
256
649
263
427
3
967
656
487
200
893
937
606
520
673
441
533
282
117
225
663
774
366
683
655
732
220
58
441
854
678
81
385
573
720
671
148
136
93
215
572
725
7
770
967
973
445
673
289
258
586
186
40
774
566
942
986
429
66
52
761
84
409
36
427
641
9
328
333
938
553
36
824
257
535
315
169
696
346
808
464
868
107
913
655
761
82
929
200
764
607
320
974
249
583
140
973
840
236
214
651
214
76
448
862
514
559
864
301
792
59
611
351
85
816
988
948
325
995
242
95
441
320
133
613
703
320
316
637
558
804
720
607
894
378
224
736
713
769
890
144
799
955
749
323
135
296
976
959
38
248
507
144
634
540
971
106
365
230
308
900
531
429
485
342
865
896
60
313
868
156
589
846
930
552
394
232
1000
386
376
145
768
630
781
146
402
399
469
826
910
247
923
654
469
408
52
893
110
794
185
333
981
992
406
301
297
678
818
599
134
62
399
795
437
100
811
111
545
230
903
454
525
185
253
641
700
955
304
661
619
284
390
828
974
955
445
397
419
214
894
735
326
656
204
100
108
127
461
192
717
860
444
515
615
250
888
384
235
297
186
982
735
760
263
227
449
979
131
512
32
498
421
17
962
405
372
62
793
31
168
378
130
675
896
636
110
262
158
489
239
711
715
144
462
888
785
205
814
490
443
736
34
433
814
947
484
582
301
197
589
929
812
673
877
350
892
911
388
925
954
120
760
868
939
421
712
455
681
986
626
287
241
850
193
470
75
158
859
430
180
327
681
375
214
395
349
528
423
778
457
10
208
67
494
46
706
252
351
475
715
497
975
331
778
846
356
875
248
660
998
85
122
38
202
720
451
857
880
880
796
675
798
660
483
48
740
365
424
483
470
654
695
762
625
229
22
432
267
469
777
122
15
668
902
220
873
856
426
320
353
935
174
847
964
341
738
989
694
548
724
865
63
776
991
902
571
21
470
782
62
398
666
430
276
852
735
552
8
997
29
918
828
569
261
752
38
958
149
535
707
29
235
915
983
894
368
729
482
160
886
984
63
704
377
753
191
320
140
125
685
803
669
224
194
49
645
204
437
376
807
611
224
775
498
835
921
345
598
969
392
370
355
98
442
15
161
178
668
567
327
8
419
216
454
720
513
948
634
568
75
669
701
914
956
425
100
376
135
397
523
823
541
792
422
256
664
497
957
14
484
295
8
889
63
975
492
812
18
488
882
554
932
642
948
783
807
972
231
788
857
807
978
611
465
839
226
216
535
835
402
48
271
75
53
247
773
680
495
123
652
6
497
449
491
316
743
67
874
835
636
254
540
832
854
690
715
215
384
757
134
560
37
823
393
671
746
884
513
374
993
550
720
570
320
509
354
707
541
428
909
182
784
724
388
252
368
83
527
768
819
379
582
372
753
683
981
922
577
170
791
819
756
874
533
940
383
85
261
324
541
399
882
29
312
90
20
281
959
855
702
983
287
509
246
548
950
673
664
416
722
578
480
591
55
69
31
554
302
12
261
146
595
503
233
792
349
176
789
58
325
860
383
982
445
449
159
285
334
991
908
759
141
974
870
223
720
941
827
553
394
778
587
269
283
44
11
77
351
662
964
213
814
442
652
105
806
50
780
332
606
535
924
410
673
837
592
631
867
262
606
964
368
570
604
168
99
574
292
510
883
109
810
125
391
64
224
475
564
399
41
43
69
395
540
793
526
268
48
137
657
315
116
877
817
214
790
219
71
387
932
236
421
77
574
603
511
190
372
423
432
494
554
363
380
731
602
586
694
449
541
75
260
596
739
77
332
972
450
696
24
513
141
87
316
400
269
479
363
564
129
957
63
608
685
802
807
675
395
417
752
69
10
990
760
274
795
87
136
459
718
485
995
256
855
412
897
469
818
3
977
186
489
613
438
53
320
752
280
706
548
240
625
432
137
569
94
313
504
840
857
187
675
213
148
828
537
449
648
61
864
984
141
756
701
541
133
31
906
383
532
798
802
771
539
104
804
151
415
366
445
398
976
110
463
221
1000
849
715
320
137
192
499
657
113
493
289
340
434
306
888
794
283
758
379
488
361
719
512
376
495
521
883
51
903
482
724
652
798
290
536
995
804
393
340
47
198
778
359
562
113
622
9
450
317
607
163
607
417
172
535
677
981
910
471
732
943
82
636
766
825
469
608
210
630
875
726
886
599
110
613
261
561
892
987
656
137
369
651
479
740
442
436
994
323
609
208
211
395
837
280
928
973
187
258
872
82
535
72
1
335
294
483
152
602
636
854
612
396
306
899
480
990
250
565
991
81
569
49
30
332
412
687
664
277
740
207
816
844
721
908
52
353
182
822
333
737
979
124
687
723
601
998
920
412
119
619
418
885
580
265
837
798
651
608
961
514
294
336
687
249
711
814
687
413
204
874
602
337
734
357
596
826
370
616
940
475
157
316
877
364
268
488
244
955
790
100
812
541
391
700
920
463
129
757
194
45
152
352
247
748
478
391
555
720
503
922
992
592
433
338
992
72
777
689
592
966
674
547
24
585
440
873
873
17
101
925
271
404
86
427
505
434
755
9
589
989
831
471
49
163
795
718
920
345
854
176
239
861
915
971
719
272
794
92
445
682
734
547
341
416
469
868
746
595
560
285
447
282
235
248
768
34
333
727
225
268
709
466
308
996
251
560
950
112
28
774
118
174
119
22
13
667
515
800
781
896
906
126
886
272
786
992
732
732
297
606
266
89
457
448
566
443
363
622
17
787
648
926
884
620
602
145
765
148
361
504
93
377
110
21
523
989
516
754
902
946
269
330
783
828
346
729
297
214
139
465
844
215
807
890
725
447
487
516
870
536
439
250
407
754
966
243
969
743
131
291
256
61
870
646
982
11
871
823
721
410
624
85
214
379
584
869
857
169
148
616
765
803
328
617
748
394
431
839
371
809
47
69
10
652
407
54
344
324
854
525
364
550
517
63
196
824
433
694
84
636
648
570
973
677
10
576
369
803
886
91
641
356
135
670
479
999
621
724
632
854
729
128
855
799
475
863
900
70
29
812
465
49
541
911
309
413
778
33
824
840
229
434
724
354
422
732
180
402
565
477
430
7
561
772
297
255
215
35
696
799
87
918
812
231
181
533
583
233
920
385
785
116
168
812
762
116
528
370
270
982
865
868
989
780
200
594
391
66
326
138
987
692
663
671
107
561
729
583
829
763
135
987
467
848
596
88
206
901
594
367
377
828
874
801
582
104
276
775
904
388
25
928
95
969
691
631
47
198
60
533
292
289
562
446
537
330
151
714
535
602
550
175
937
994
265
289
9
348
167
33
614
905
999
971
591
921
14
752
800
733
316
542
258
20
77
382
593
274
12
978
270
825
494
941
397
885
679
191
368
382
928
975
487
892
668
873
923
339
93
873
150
879
193
776
646
694
725
559
137
614
280
521
640
893
380
790
820
412
582
60
9
384
903
591
488
91
981
989
240
641
170
875
407
615
879
418
546
462
415
120
702
877
563
377
475
132
43
454
245
572
796
37
720
987
823
297
542
870
699
511
662
47
826
583
827
510
391
578
941
65
106
258
348
163
520
897
34
133
350
554
543
741
89
444
193
846
66
609
131
374
550
606
895
937
679
289
102
421
28
897
410
455
701
600
91
359
81
22
838
86
869
155
956
486
632
121
236
584
95
606
408
768
393
436
453
421
603
945
457
654
742
709
825
878
474
647
516
576
563
568
533
552
670
271
658
566
105
302
509
996
980
631
716
233
914
999
494
623
570
368
25
241
322
847
177
227
618
765
738
309
997
817
198
255
520
805
478
70
670
434
745
146
715
904
498
539
871
828
363
60
838
219
836
736
428
598
791
217
449
981
124
432
606
730
603
392
800
433
572
616
434
914
501
131
537
798
886
974
849
607
78
760
584
441
162
402
468
39
65
624
194
759
585
849
705
366
238
821
203
540
389
772
627
438
38
435
967
445
800
558
805
134
902
290
938
47
879
364
301
189
322
39
867
160
374
116
593
893
554
875
667
255
541
103
147
529
689
514
991
462
591
724
163
41
718
567
537
214
69
409
300
950
169
222
135
817
466
357
853
887
925
626
750
540
619
926
740
243
170
803
245
700
909
420
190
203
492
100
277
332
944
15
547
454
763
636
777
890
69
916
970
42
659
765
277
492
691
65
69
734
562
271
15
627
635
264
212
25
825
40
13
299
667
901
581
962
486
740
223
113
80
449
273
